Proportion.true
3.910545454545454741e-02
3.926409090909090821e-02
3.347545454545454435e-02
2.351181818181818234e-02
6.098272727272727178e-02
4.958136363636363869e-02
3.945954545454545548e-02
3.339318181818181491e-02
3.406090909090909308e-02
3.013636363636363474e-02
3.604363636363636103e-02
3.186681818181818365e-02
3.898590909090909190e-02
3.819272727272727402e-02
2.874409090909091011e-02
3.179409090909091073e-02
3.576909090909091010e-02
3.228272727272727544e-02
3.395045454545454755e-02
4.103318181818181587e-02
3.782409090909091137e-02
4.124136363636363850e-02
3.287136363636363606e-02
3.379909090909091057e-02
3.374636363636363684e-02
3.408181818181817840e-02
3.446272727272726988e-02
4.658454545454545487e-02
3.907909090909091054e-02
5.698863636363636631e-02
4.583227272727272844e-02
3.485227272727272479e-02
5.420727272727272894e-02
4.587045454545454759e-02
3.941454545454545211e-02
4.004772727272726957e-02
3.388363636363636577e-02
3.905227272727272714e-02
3.636863636363636687e-02
3.952045454545454611e-02
4.175045454545454199e-02
3.941409090909091251e-02
5.010181818181818486e-02
3.701681818181817851e-02
4.302363636363636112e-02
4.505727272727273053e-02
4.307090909090909026e-02
4.040636363636363609e-02
2.845272727272727190e-02
3.261499999999999816e-02
4.555909090909091019e-02
3.501227272727272521e-02
4.813636363636363685e-02
4.881909090909090920e-02
5.735954545454545472e-02
5.124681818181818505e-02
4.979136363636363360e-02
7.000454545454545818e-02
6.716545454545454208e-02
6.632363636363636239e-02
4.940727272727273023e-02
5.148409090909090990e-02
5.794545454545454305e-02
4.919818181818182146e-02
5.369499999999999967e-02
5.499045454545454376e-02
2.773136363636363733e-02
3.935727272727272685e-02
4.120227272727272627e-02
5.646409090909090822e-02
4.515454545454545415e-02
5.163227272727272804e-02
4.834045454545454756e-02
4.608136363636363558e-02
5.214590909090908999e-02
4.839636363636363320e-02
4.652772727272727615e-02
5.070681818181817929e-02
4.182181818181818223e-02
5.455681818181817855e-02
3.402954545454545121e-02
5.434681818181818364e-02
5.315227272727272856e-02
4.997454545454545205e-02
3.728590909090909178e-02
5.709409090909090684e-02
3.986454545454545112e-02
4.791363636363636658e-02
3.472318181818181970e-02
4.314454545454545625e-02
4.486954545454545362e-02
3.384818181818181893e-02
4.150954545454545175e-02
3.849136363636363606e-02
4.559227272727272434e-02
3.787272727272727318e-02
5.362363636363636638e-02
3.440227272727272578e-02
5.104136363636363471e-02
4.235045454545454530e-02
4.213363636363636616e-02
4.876590909090908893e-02
4.920863636363636412e-02
3.784727272727272940e-02
5.024454545454545146e-02
4.349363636363636626e-02
3.707681818181818301e-02
3.624909090909091136e-02
3.950454545454545191e-02
4.728409090909090756e-02
5.169818181818181674e-02
4.285090909090909228e-02
5.025909090909090604e-02
4.386818181818182005e-02
3.322727272727273029e-02
4.427909090909090684e-02
4.257909090909090671e-02
5.176545454545454505e-02
5.040045454545454690e-02
3.104227272727272738e-02
2.519590909090909173e-02
2.530772727272727340e-02
3.490454545454545199e-02
4.926090909090909131e-02
4.335045454545454618e-02
2.559954545454545469e-02
1.539999999999999919e-03
2.742954545454545298e-02
1.563636363636363618e-03
8.012727272727272060e-03
2.951136363636363766e-02
8.184999999999999568e-03
9.822727272727272470e-04
1.904000000000000137e-02
3.408272727272727148e-02
2.057272727272727465e-03
3.365454545454545608e-03
2.478909090909090993e-02
4.818181818181817809e-03
1.895454545454545309e-02
4.170000000000000095e-03
2.326954545454545595e-02
1.368636363636363540e-03
2.771454545454545351e-02
2.441818181818181718e-03
2.117318181818181669e-02
8.558181818181818945e-03
5.425454545454545807e-03
8.766363636363636372e-03
3.501227272727272521e-02
1.270454545454545534e-03
1.128318181818181894e-02
3.586818181818181902e-03
6.054545454545454163e-04
1.994545454545454573e-03
1.960590909090909051e-02
1.353681818181818111e-02
1.143863636363636437e-02
1.509181818181818194e-02
8.966818181818181702e-03
2.016727272727272813e-02
7.105909090909090682e-03
2.264727272727272769e-02
6.329090909090909212e-03
2.614136363636363619e-02
7.402727272727272628e-03
6.159545454545454872e-03
2.104545454545454428e-02
6.966818181818181660e-03
3.726772727272727181e-02
5.819999999999999653e-03
7.457272727272727317e-03
8.716363636363636674e-03
1.315909090909090848e-02
1.380818181818181840e-02
6.510000000000000162e-03
4.804090909090908898e-03
1.838863636363636395e-02
3.859090909090909238e-03
1.073954545454545474e-02
5.500000000000000331e-04
1.204500000000000015e-02
5.068636363636363704e-03
9.232272727272727852e-03
1.012227272727272802e-02
1.517636363636363714e-02
2.121500000000000122e-02
2.046818181818181939e-02
6.931363636363636546e-03
3.782272727272727435e-03
7.924545454545454948e-03
1.812772727272727105e-02
5.876363636363636164e-03
5.406818181818181905e-03
5.312272727272727112e-03
8.842272727272728131e-03
6.183181818181818570e-03
1.025136363636363658e-02
2.035909090909090828e-03
9.168636363636363182e-03
6.102727272727272688e-03
2.448636363636363771e-03
4.460000000000000422e-03
1.382772727272727278e-02
1.946590909090908927e-02
5.431818181818181971e-04
1.275909090909090916e-02
8.707272727272726692e-03
9.623181818181818920e-03
4.834090909090909410e-03
5.563181818181817812e-03
1.626863636363636359e-02
6.875909090909090512e-03
1.371136363636363611e-02
1.779999999999999898e-03
1.985181818181818228e-02
3.602272727272727397e-03
1.028181818181818190e-02
9.036818181818182319e-03
4.938636363636363796e-03
1.266590909090909052e-02
1.067681818181818142e-02
2.540818181818181934e-02
4.138181818181817760e-03
2.671818181818181887e-03
1.176590909090909076e-02
1.084500000000000047e-02
4.088636363636363735e-03
1.593545454545454432e-02
2.278000000000000164e-02
3.303227272727272956e-02
1.261727272727272697e-02
1.929181818181818081e-02
1.229227272727272807e-02
3.838545454545454205e-02
6.136363636363636196e-04
2.079090909090908906e-03
1.021500000000000012e-02
3.466818181818182021e-03
7.643181818181818063e-03
8.295000000000000290e-03
9.536363636363636223e-03
8.677272727272727915e-03
4.636818181818182054e-03
1.773954545454545575e-02
1.078636363636363647e-03
2.893636363636363420e-03
1.231363636363636341e-03
1.223090909090909090e-02
1.219909090909090943e-02
8.707272727272726692e-03
2.020045454545454575e-02
7.451363636363636175e-03
8.046818181818181023e-03
5.383636363636363879e-03
1.394636363636363695e-02
1.597181818181818078e-02
5.593636363636363996e-03
8.914999999999999314e-03
6.431818181818181775e-03
2.241363636363636388e-03
8.527272727272726871e-04
1.830181818181818298e-02
4.459545454545454750e-03
5.195454545454544987e-04
3.402272727272727306e-03
2.822727272727272758e-03
3.840000000000000097e-03
2.468636363636363823e-03
5.922272727272727411e-03
5.225909090909090955e-03
1.327318181818181765e-02
1.883090909090909260e-02
1.626363636363636293e-03
2.870363636363636520e-02
5.859090909090909280e-04
5.557272727272727537e-03
1.444545454545454648e-03
8.711818181818181683e-03
1.594545454545454608e-03
6.529545454545454541e-03
2.077272727272727083e-03
1.539863636363636434e-02
6.978181818181818270e-03
3.789545454545454727e-03
9.165454545454546076e-03
1.077272727272727236e-02
1.076681818181818122e-02
2.056136363636363804e-02
6.343181818181818123e-03
2.290909090909090846e-03
3.159090909090909137e-03
4.569090909090908932e-03
2.061954545454545290e-02
1.007772727272727292e-02
1.460909090909090838e-03
1.073636363636363633e-03
6.658181818181818298e-03
6.111818181818181803e-03
1.802272727272727360e-02
8.830454545454545848e-03
1.138318181818181833e-02
2.050772727272727122e-02
2.394045454545454601e-02
1.950227272727272573e-02
6.086818181818181954e-03
1.208272727272727276e-02
9.159545454545454934e-03
1.067954545454545372e-02
1.004681818181818106e-02
6.282727272727273160e-03
1.867090909090909218e-02
1.464090909090909158e-02
2.894545454545454331e-03
8.407727272727273313e-03
1.588045454545454482e-02
1.335954545454545381e-02
1.818727272727272901e-02
1.974363636363636251e-02
9.413636363636363608e-03
1.293863636363636396e-02
1.527045454545454539e-02
1.118181818181818079e-03
1.883181818181818134e-03
1.105363636363636444e-02
1.018181818181818250e-03
1.143772727272727302e-02
7.982272727272726742e-03
1.224045454545454568e-02
1.352272727272727350e-03
4.009545454545454871e-03
2.584681818181818261e-02
1.797681818181818061e-02
6.584999999999999708e-03
6.390909090909091409e-04
3.144090909090908881e-03
1.678818181818181668e-02
1.268227272727272779e-02
1.799545454545454712e-02
3.603636363636363547e-03
1.289954545454545520e-02
1.532954545454545507e-02
1.308499999999999941e-02
6.988181818181817863e-03
4.482727272727272776e-03
7.771363636363636147e-03
8.482727272727271992e-03
2.975000000000000214e-03
2.797227272727272757e-02
2.225454545454545654e-03
1.150727272727272710e-02
6.621818181818181839e-03
1.365681818181818143e-02
1.398272727272727341e-02
2.638818181818181757e-02
1.029000000000000054e-02
1.050045454545454546e-02
6.120909090909090917e-03
1.704999999999999918e-03
3.965909090909091120e-03
1.322727272727272727e-03
1.710909090909090843e-03
6.150000000000000085e-03
9.326818181818182646e-03
2.225454545454545654e-03
1.926045454545454588e-02
1.899090909090909085e-03
9.292272727272727142e-03
8.194090909090909550e-03
7.078636363636363338e-03
1.266954545454545417e-02
1.553636363636363591e-03
1.351181818181818213e-02
3.299090909090909070e-03
9.320454545454544965e-03
6.169545454545454465e-03
1.033181818181818160e-02
7.560909090909091225e-03
3.516363636363636479e-03
4.855454545454545613e-03
7.681363636363636345e-03
1.475727272727272651e-02
9.642727272727273299e-03
5.103636363636364012e-03
1.770136363636363661e-02
1.159181818181818230e-02
2.556272727272727169e-02
2.233818181818181953e-02
8.392727272727272189e-03
9.800909090909091029e-03
1.033045454545454545e-02
7.709999999999999840e-03
1.328409090909090859e-02
1.828636363636363662e-03
5.473636363636363682e-03
5.453636363636363629e-03
1.792818181818181880e-02
1.991954545454545367e-02
8.721363636363636471e-03
7.118181818181817770e-03
1.751090909090909087e-02
1.550909090909090857e-03
1.759818181818181837e-02
6.458636363636363446e-03
3.109999999999999917e-03
1.060499999999999984e-02
5.927272727272727641e-04
6.921818181818181759e-03
7.441818181818181388e-03
8.729999999999999913e-03
3.090909090909090885e-04
1.092272727272727319e-03
5.608636363636363385e-03
1.136136363636363646e-02
1.277272727272727370e-03
1.959909090909090976e-02
2.152272727272727063e-03
1.968636363636363726e-02
3.998181818181818260e-03
9.568636363636364231e-03
1.472727272727272687e-03
1.058318181818181797e-02
1.582363636363636264e-02
1.469727272727272722e-02
3.922727272727272716e-04
1.234272727272727257e-02
1.187272727272727351e-03
9.070909090909091282e-03
2.735909090909090929e-03
4.224545454545454784e-03
1.246409090909090904e-02
1.676000000000000059e-02
9.634545454545454662e-03
7.617727272727272542e-03
1.190909090909090916e-04
1.524499999999999987e-02
2.779999999999999919e-03
1.035818181818181846e-02
1.585818181818181988e-02
1.485454545454545448e-03
5.120000000000000419e-03
1.084772727272727277e-02
1.076681818181818122e-02
8.463636363636364152e-04
4.798181818181817757e-03
1.095772727272727350e-02
1.607727272727272824e-03
1.108818181818181821e-02
2.540909090909091068e-04
4.718181818181818089e-04
2.050909090909090737e-02
1.740772727272727263e-02
6.029090909090909292e-03
1.604999999999999830e-02
1.007272727272727313e-02
1.271954545454545386e-02
6.609545454545454751e-03
1.698818181818181894e-02
2.264090909090909175e-03
1.085500000000000007e-02
9.272272727272727957e-03
1.615272727272727346e-02
5.146363636363636418e-03
1.591227272727272629e-02
3.463181818181818375e-03
1.677318181818181902e-02
7.049090909090909365e-03
1.152727272727272715e-03
7.739090909090909007e-03
1.980454545454545662e-03
4.212272727272727696e-03
1.018636363636363706e-03
2.760454545454545539e-03
7.956363636363636416e-03
2.536818181818181750e-03
5.727727272727272355e-03
6.152272727272727580e-03
6.922727272727273104e-03
4.293181818181818384e-03
1.954090909090909229e-03
2.220636363636363519e-02
1.186818181818181895e-03
1.983363636363636232e-02
2.924090909090909171e-03
1.168818181818181805e-02
3.558636363636363646e-03
1.720090909090908962e-02
1.201363636363636349e-02
1.332500000000000004e-02
1.353636363636363717e-03
2.405772727272727229e-02
7.706363636363636194e-03
8.121818181818181437e-03
2.954090909090908990e-02
1.712909090909090978e-02
2.212409090909090922e-02
1.030681818181818261e-02
2.627727272727272897e-03
2.459090909090909036e-04
4.588636363636363312e-03
1.045454545454545486e-04
1.727272727272727195e-04
1.750454545454545492e-03
2.723818181818181763e-02
4.335454545454545117e-03
1.349999999999999985e-02
1.373954545454545394e-02
6.912272727272726972e-03
1.192590909090909118e-02
3.547727272727272708e-03
2.233181818181818185e-03
4.302727272727272304e-03
3.202727272727272888e-03
5.044545454545454333e-03
1.011227272727272669e-02
6.537727272727272311e-03
9.397272727272728068e-03
9.859090909090908929e-04
1.751045454545454433e-02
8.290454545454545299e-03
2.095136363636363602e-02
1.128045454545454490e-02
9.091818181818181813e-03
3.810909090909090930e-03
4.459545454545454750e-03
1.523181818181818274e-03
1.543727272727272656e-02
1.045590909090909036e-02
2.160454545454545613e-02
2.277727272727272847e-03
1.612454545454545390e-02
1.200545454545454485e-02
2.074090909090909110e-03
1.722954545454545572e-02
2.054545454545454730e-03
1.376545454545454600e-02
8.759545454545453885e-03
1.274681818181818208e-02
1.660227272727272593e-02
2.968181818181818161e-03
1.706363636363636286e-03
1.240000000000000000e-03
6.374545454545454785e-03
2.893181818181818181e-03
3.781818181818181763e-03
1.231818181818181797e-04
1.809090909090908957e-04
1.302045454545454513e-02
8.140909090909091012e-03
9.113636363636363688e-04
7.622727272727272338e-03
2.343999999999999903e-02
3.131818181818181793e-03
7.265909090909091102e-03
4.068636363636363683e-03
8.236363636363636283e-04
3.940909090909090946e-04
6.537272727272727506e-03
7.872727272727272777e-04
3.718181818181818176e-04
1.670272727272727187e-02
1.868909090909090867e-02
2.666954545454545619e-02
1.842272727272727117e-02
7.611363636363636595e-03
9.242727272727272250e-03
1.510000000000000057e-02
1.026363636363636454e-03
5.188181818181818346e-03
1.081818181818181837e-03
1.242863636363636393e-02
1.461363636363636337e-02
3.664545454545454616e-03
1.617727272727272764e-02
3.978181818181818208e-03
1.557681818181818126e-02
1.892727272727272704e-03
9.375454545454546193e-03
2.960909090909090869e-03
1.897272727272727262e-03
3.126818181818181996e-03
2.418181818181818290e-04
3.312090909090908974e-02
1.543090909090909062e-02
2.106590909090909000e-02
4.144545454545454574e-03
8.865909090909090962e-03
3.017636363636363658e-02
1.803954545454545394e-02
1.883136363636363567e-02
1.605181818181818099e-02
1.422409090909090845e-02
6.284545454545454116e-03
7.327272727272727409e-03
7.009090909090909044e-04
2.311818181818181810e-03
2.690909090909090920e-04
1.289636363636363636e-02
1.272727272727272813e-04
5.427272727272727413e-04
2.950909090909090843e-03
1.604500000000000023e-02
1.939863636363636443e-02
3.596818181818181928e-03
4.874545454545454320e-03
4.150909090909090521e-03
3.076818181818181865e-03
5.106363636363636313e-03
4.344090909090909426e-03
4.105909090909090620e-03
6.183636363636363376e-03
8.240909090909090406e-03
2.217545454545454681e-02
1.522318181818181800e-02
1.872727272727272782e-02
3.189545454545454455e-03
4.409090909090909380e-03
2.002863636363636304e-02
2.168227272727272711e-02
4.916818181818181921e-03
1.102909090909090853e-02
2.186818181818181699e-03
2.389090909090909286e-03
6.024090909090909496e-03
2.000000000000000042e-03
2.845454545454545545e-03
1.319909090909090858e-02
1.982727272727272724e-03
7.718181818181817826e-04
4.889090909090908904e-03
7.055454545454545312e-03
8.425909090909091542e-03
2.064954545454545515e-02
7.195454545454545679e-03
1.288409090909090927e-02
9.892727272727273521e-03
1.983863636363636385e-02
2.253454545454545294e-02
4.427272727272727609e-03
4.145454545454545486e-04
1.088636363636363673e-03
2.461363636363636531e-03
5.172272727272727612e-03
2.055454545454545642e-03
1.509681818181818173e-02
1.051045454545454505e-02
1.055636363636363630e-02
1.084181818181818163e-02
1.128272727272727240e-02
1.166999999999999982e-02
5.768181818181818132e-03
2.073181818181818199e-03
1.169909090909090899e-02
3.436363636363636161e-04
7.359545454545454550e-03
1.547272727272727211e-03
1.054999999999999948e-03
2.065454545454545668e-03
3.373181818181818139e-03
1.545909090909090844e-03
1.185863636363636286e-02
1.026363636363636454e-03
9.868181818181818044e-04
1.345000000000000058e-03
1.506363636363636412e-03
2.105454545454545339e-03
1.165454545454545476e-03
1.272363636363636405e-02
3.978636363636363880e-03
5.520909090909091078e-03
1.150090909090909115e-02
9.027272727272727098e-04
4.831818181818182023e-04
4.972272727272727087e-03
1.078590909090909079e-02
1.594545454545454608e-03
2.735000000000000018e-03
1.622772727272727214e-02
2.513636363636363724e-03
2.650000000000000012e-03
2.822727272727272542e-04
2.565272727272727149e-02
3.503954545454545516e-02
3.350363636363636044e-02
2.864818181818181916e-02
1.879818181818181805e-02
1.431636363636363575e-02
8.290000000000000493e-03
1.915454545454545535e-02
1.597545454545454616e-02
2.213772727272727420e-02
2.061818181818181675e-02
5.894090909090908721e-03
1.793499999999999955e-02
2.344500000000000056e-02
1.034500000000000003e-02
5.584090909090909209e-03
1.932590909090909151e-02
9.067727272727272442e-03
1.035454545454545482e-02
1.614409090909091002e-02
1.852363636363636365e-02
1.108499999999999937e-02
3.873181818181818149e-03
2.899999999999999800e-03
6.940909090909090683e-04
1.325272727272727193e-02
1.900454545454545452e-03
2.259545454545454704e-02
1.657409090909090985e-02
1.531590909090909010e-02
2.549636363636363645e-02
1.337818181818181858e-02
1.774227272727272806e-02
2.646090909090909049e-02
5.450909090909091329e-03
1.137636363636363585e-02
1.808636363636363610e-03
8.854545454545455219e-03
2.084863636363636433e-02
2.002909090909090958e-02
9.000909090909090665e-03
1.524681818181818256e-02
2.326454545454545442e-02
8.303181818181818927e-03
4.168636363636363945e-03
1.576727272727272700e-02
1.233454545454545394e-02
1.376227272727272716e-02
1.653181818181818225e-02
1.743863636363636449e-02
1.315727272727272752e-02
1.490999999999999964e-02
8.677272727272727264e-04
1.244363636363636332e-02
1.121863636363636292e-02
1.804999999999999964e-03
1.590772727272727130e-02
1.388363636363636362e-02
2.269999999999999882e-03
1.108818181818181821e-02
1.565909090909091070e-02
1.920000000000000049e-03
1.316136363636363597e-02
6.753181818181817897e-03
3.689545454545454465e-03
1.660681818181818092e-02
1.367909090909090984e-02
4.693181818181818565e-03
1.129590909090909083e-02
2.785454545454545388e-03
1.574909090909091050e-02
2.314227272727272661e-02
1.937318181818181717e-02
1.832090909090909256e-02
1.827499999999999958e-02
3.047409090909090901e-02
1.231727272727272705e-02
1.029500000000000033e-02
9.810909090909090621e-03
1.725045454545454451e-02
1.424818181818181782e-02
1.042681818181818119e-02
2.365954545454545394e-02
1.581772727272727150e-02
2.252318181818181719e-02
2.166545454545454677e-02
2.282863636363636345e-02
1.998681818181818198e-02
1.689409090909091068e-02
2.746636363636363598e-02
2.234272727272727105e-02
1.864318181818181916e-02
2.198681818181818029e-02
1.410454545454545468e-03
2.217590909090908988e-02
1.948863636363636423e-02
2.267318181818181802e-02
2.392954545454545334e-02
1.646318181818181778e-02
1.740909090909090878e-02
1.713363636363636477e-02
2.564863636363636304e-02
1.993409090909090825e-02
2.729681818181818251e-02
1.766681818181818284e-02
2.955363636363636526e-02
2.816636363636363521e-02
2.401181818181818278e-02
2.315590909090909158e-02
2.031772727272727203e-02
1.581045454545454421e-02
1.953818181818181912e-02
1.764409090909090788e-02
2.712090909090909135e-02
7.964999999999999858e-03
2.408863636363636415e-02
2.394863636363636292e-02
2.764863636363636482e-02
1.978863636363636241e-02
1.952818181818181953e-02
2.226772727272727237e-02
1.579818181818181885e-02
2.340181818181818335e-02
1.992318181818181905e-02
2.601272727272727417e-02
1.644181818181818244e-02
2.365363636363636279e-02
2.188818181818181705e-02
1.757681818181818303e-02
3.056000000000000036e-02
1.850318181818181792e-02
1.693181818181818329e-02
1.910818181818181929e-02
8.700681818181818516e-02
4.597954545454545350e-02
1.284590909090909013e-02
1.144545454545454512e-02
2.646181818181818010e-02
7.671818181818181558e-03
9.173181818181818173e-03
3.257636363636363941e-02
5.468181818181818213e-03
5.250954545454545458e-02
4.339090909090908763e-03
2.300136363636363576e-02
6.109090909090909155e-02
4.829227272727272535e-02
4.615636363636363426e-02
6.420454545454545164e-03
8.130181818181818343e-02
1.254840909090909062e-01
7.490818181818181820e-02
1.490681818181818254e-02
1.494863636363636360e-02
1.647090909090909161e-02
5.064818181818182136e-02
2.520045454545454672e-02
2.731545454545454554e-02
3.648499999999999660e-02
7.443318181818181500e-02
1.236109090909090907e-01
8.619863636363636616e-02
7.852727272727272334e-02
1.815909090909090945e-02
4.217409090909091107e-02
1.185868181818181821e-01
1.045990909090909055e-01
8.029909090909090330e-02
7.121181818181818168e-02
7.545045454545454278e-02
6.536363636363636161e-03
3.347727272727272618e-03
2.435636363636363780e-02
1.004195454545454558e-01
1.456550000000000067e-01
8.650181818181817972e-02
1.019154545454545452e-01
1.901690909090908987e-01
1.331654545454545591e-01
1.223690909090909135e-01
9.809045454545455012e-02
8.387590909090908431e-02
5.168318181818181561e-02
1.051613636363636362e-01
7.560181818181818669e-02
1.210781818181818209e-01
4.788545454545454355e-02
4.111954545454545723e-02
1.707786363636363547e-01
1.757695454545454561e-01
8.819636363636364218e-02
9.465772727272726839e-02
1.137654545454545446e-01
1.814409090909090833e-02
7.121727272727272628e-02
5.038909090909091115e-02
6.843272727272727007e-02
1.781999999999999904e-02
1.249590909090909051e-02
9.272954545454545339e-02
1.079177272727272763e-01
5.672818181818181649e-02
6.981999999999999318e-02
5.555863636363636560e-02
2.315909090909090695e-03
3.664227272727272472e-02
7.471545454545454323e-02
1.200959090909090865e-01
6.749636363636363212e-02
6.520363636363636639e-02
1.774340909090909024e-01
1.582159090909091015e-01
9.700409090909091481e-02
9.542454545454545634e-02
9.914454545454545742e-02
1.123090909090909174e-02
1.633772727272727113e-02
2.338909090909090799e-02
4.781454545454545679e-02
9.742000000000000659e-02
4.096590909090908755e-02
2.533409090909091027e-02
7.514727272727272922e-02
1.083145454545454550e-01
5.971590909090909033e-02
7.694090909090908759e-02
5.185636363636363794e-02
2.034090909090909005e-03
4.929545454545454682e-03
8.703136363636364281e-02
1.486631818181818054e-01
6.543954545454545857e-02
6.726272727272727958e-02
1.892063636363636447e-01
1.596795454545454629e-01
1.001204545454545403e-01
1.034831818181818214e-01
1.266409090909090956e-02
