seq_id pos_id
1 552
1 553
1 554
1 555
1 556
1 557
1 558
1 559
1 560
1 561
1 562
1 563
1 564
1 565
1 566
1 567
1 568
1 569
1 570
3 517
6 375
6 376
6 377
6 378
6 379
6 380
8 509
8 510
8 511
8 512
8 513
8 514
8 515
8 516
8 517
8 518
8 519
8 520
8 521
8 522
8 523
8 524
9 530
9 531
9 532
9 533
9 534
9 535
9 536
9 537
9 538
9 539
9 540
9 541
9 542
9 543
9 544
10 504
10 505
10 506
10 507
10 508
10 509
11 432
11 433
11 434
11 435
11 436
11 437
11 438
11 439
11 440
11 441
12 406
12 407
12 408
12 409
12 410
12 411
12 412
12 413
12 414
12 415
12 416
12 417
12 418
12 419
12 420
12 421
12 422
12 423
12 424
12 425
12 426
12 427
13 546
13 547
13 548
13 549
13 550
13 551
13 557
13 558
13 559
13 561
15 393
15 394
15 395
15 402
15 403
16 478
16 479
16 480
16 481
16 482
16 483
16 484
16 485
16 486
16 487
16 488
16 489
16 490
16 491
16 492
16 493
17 432
17 486
17 487
17 488
17 489
17 490
17 491
17 492
17 493
17 494
17 495
17 496
17 497
17 514
17 515
17 516
17 517
17 518
17 519
18 484
18 487
18 488
18 489
18 490
20 454
20 455
20 456
20 457
20 458
20 459
20 460
20 461
20 462
20 463
20 464
20 465
20 466
20 467
20 468
20 469
20 470
20 471
20 472
20 473
20 474
20 475
20 476
20 477
20 478
20 479
21 460
21 461
21 462
21 463
21 484
21 485
21 486
21 487
21 488
21 489
21 490
21 491
21 492
21 493
21 494
21 495
21 496
21 497
22 484
22 485
22 488
22 489
22 490
23 493
23 494
23 495
23 496
23 497
23 498
23 499
23 500
23 501
23 502
23 503
23 504
23 505
23 506
24 545
24 546
24 547
24 548
24 549
24 550
24 551
24 552
24 553
24 554
24 555
24 556
24 557
24 558
24 559
24 560
24 561
24 562
24 563
24 564
24 565
24 566
25 522
25 523
25 524
25 525
25 526
25 527
25 528
25 529
25 530
25 531
25 532
25 533
25 534
25 535
25 536
25 537
25 538
25 564
25 565
27 437
27 438
27 439
27 440
27 441
27 442
27 443
27 444
27 445
27 446
27 447
27 448
27 449
27 450
27 451
27 452
27 453
27 454
27 455
27 456
27 457
27 458
27 459
27 460
27 461
28 440
29 608
29 609
29 610
29 611
29 612
29 613
29 614
29 615
29 616
29 617
29 618
29 619
29 620
29 621
29 622
29 623
30 490
30 491
30 493
30 494
30 495
30 496
30 497
30 499
30 500
30 501
30 502
30 503
30 516
30 517
30 518
30 519
30 520
30 521
30 522
30 523
30 524
30 525
30 526
30 527
30 528
30 529
30 530
30 531
30 532
30 626
30 627
30 628
30 630
30 631
30 632
30 633
32 457
32 458
32 459
32 460
32 461
32 462
32 463
32 464
32 465
32 466
32 467
32 468
32 469
32 470
34 592
34 593
34 594
34 595
34 596
34 597
34 598
34 599
34 600
34 601
34 602
34 603
34 604
34 605
34 606
34 607
36 371
36 374
36 375
36 376
36 377
37 499
37 500
37 501
37 502
37 503
37 504
37 505
37 506
37 507
37 508
37 509
37 510
37 511
37 512
37 513
37 514
37 515
37 516
37 517
37 521
37 522
37 523
37 524
37 525
37 526
37 527
37 528
37 529
39 542
39 543
39 544
39 545
39 546
39 547
39 548
39 549
41 487
41 488
41 489
41 490
41 491
41 508
41 509
41 510
41 511
41 512
41 513
41 514
41 515
41 516
41 517
41 518
41 519
41 520
41 521
41 567
43 506
43 507
43 508
44 421
44 422
44 423
44 424
44 425
44 426
44 427
44 428
44 430
44 438
44 439
44 440
44 441
44 442
44 444
44 445
44 446
44 447
44 448
44 449
44 450
44 451
44 452
44 453
44 454
45 532
46 650
46 651
46 652
46 653
46 654
46 658
46 659
46 688
46 689
46 690
48 458
48 459
48 460
48 461
48 462
48 463
48 464
48 465
48 467
48 469
49 513
49 514
49 581
49 582
49 583
49 584
51 580
51 581
51 590
52 494
52 495
52 496
52 605
53 411
53 503
53 504
53 505
53 506
53 507
54 520
54 521
54 522
54 523
54 524
54 525
54 526
54 527
54 528
54 529
54 530
54 531
54 532
54 616
55 439
55 440
55 444
55 445
55 472
57 379
57 380
57 381
57 382
57 383
57 384
57 385
57 386
57 387
57 388
57 389
58 402
58 434
58 435
58 436
58 437
58 438
58 439
58 440
58 441
58 442
58 443
58 444
58 445
58 446
58 447
58 448
58 449
58 450
58 451
58 452
58 453
58 454
60 490
60 491
60 492
60 493
60 494
60 495
60 496
60 497
60 555
60 556
60 557
60 558
60 559
60 560
60 561
60 562
60 563
60 564
60 565
60 566
60 567
60 568
60 569
60 570
60 571
60 572
60 573
60 574
60 575
62 453
62 454
62 455
62 456
62 457
62 458
62 524
65 232
65 233
65 234
65 235
65 236
65 237
66 535
66 536
66 537
66 562
66 563
66 564
66 565
66 566
66 567
66 568
66 569
66 570
66 571
66 572
66 573
66 574
66 575
67 421
67 449
67 450
67 451
67 452
67 453
67 454
69 433
69 434
69 469
69 470
69 476
71 236
71 437
71 438
71 554
71 555
71 556
71 557
71 558
71 559
71 560
71 561
71 562
71 563
71 564
71 565
71 566
71 567
71 568
71 569
71 570
71 571
71 572
71 573
71 574
71 575
71 576
71 577
71 578
71 579
77 503
77 508
77 509
77 510
77 511
77 524
77 525
77 526
77 527
77 528
77 529
77 530
77 531
77 532
78 495
78 496
78 497
78 498
78 499
78 500
78 501
78 502
78 503
78 504
78 505
78 506
78 527
78 528
78 529
78 530
78 531
78 532
78 533
78 534
78 535
78 536
78 537
78 538
78 539
78 540
78 541
78 542
78 543
78 544
78 545
78 546
78 547
78 548
78 549
78 550
78 551
78 552
78 553
78 554
78 555
78 556
79 454
79 455
79 456
79 457
79 514
79 515
79 516
79 517
79 518
79 519
79 520
79 521
79 522
79 523
79 524
79 525
79 526
79 527
80 435
80 436
80 437
80 438
80 439
80 440
80 441
80 442
80 443
80 444
80 445
80 562
80 563
80 564
80 565
80 566
81 514
81 515
82 488
83 498
83 499
83 500
83 501
83 502
83 503
83 504
83 505
83 506
83 507
83 508
83 509
84 554
84 555
84 556
84 557
84 558
84 559
84 560
84 561
84 562
84 563
86 552
86 553
86 554
86 555
86 556
86 557
86 558
86 559
86 560
87 620
90 483
90 485
90 486
90 487
90 488
90 489
90 490
90 491
90 492
90 527
90 528
90 529
91 626
91 627
91 628
91 629
91 630
91 631
91 632
91 633
91 634
91 635
91 636
91 637
91 638
91 639
92 442
92 443
92 450
92 451
92 452
92 453
92 454
92 455
92 456
92 457
92 458
93 454
93 455
93 456
93 457
93 458
93 459
93 460
93 461
93 462
93 463
93 464
93 465
93 466
93 467
94 395
94 396
94 397
94 398
94 399
94 400
94 401
94 402
94 403
94 404
94 455
94 456
94 457
94 458
94 459
94 461
94 462
94 463
94 464
94 465
94 466
95 505
95 506
95 520
96 450
96 451
96 452
96 453
96 454
96 455
96 456
96 457
96 458
96 459
96 460
96 461
96 462
96 463
96 464
96 465
96 466
96 467
96 468
96 469
96 470
96 471
96 472
96 473
97 431
97 432
97 433
97 434
97 435
97 436
97 437
97 438
97 439
97 440
97 441
97 442
97 443
97 444
97 462
97 484
97 489
97 490
97 491
97 492
97 513
98 471
98 473
99 523
99 524
99 530
99 531
99 532
99 533
99 534
99 535
99 536
99 537
99 538
99 539
99 540
99 541
99 542
102 456
102 457
102 458
102 460
102 461
102 462
102 463
102 464
102 465
102 466
102 467
102 468
103 468
107 457
107 506
107 508
107 509
107 517
109 453
109 454
109 455
109 456
109 457
109 458
109 459
109 460
109 461
109 462
109 463
109 464
109 465
109 466
111 449
111 451
111 453
111 456
111 457
111 458
111 459
111 460
111 461
111 462
111 463
111 464
111 465
111 466
111 467
111 483
111 484
111 485
111 486
111 487
111 488
111 489
111 496
111 497
111 498
111 499
111 500
111 501
112 517
112 524
112 525
112 526
116 628
116 629
116 630
116 631
116 632
116 633
116 634
116 635
116 636
116 637
116 638
116 639
116 640
116 641
116 642
116 643
116 644
116 645
116 646
116 647
116 648
116 649
116 650
118 465
118 466
118 467
118 468
118 469
118 470
118 471
118 472
118 473
118 474
118 475
118 476
120 430
120 431
120 432
120 433
120 434
120 435
120 436
120 437
120 438
120 439
120 440
120 441
120 442
120 443
120 444
120 446
120 484
121 382
121 383
121 384
121 385
122 470
122 471
122 472
122 473
122 474
122 475
122 476
122 477
122 478
122 479
122 480
122 481
122 482
122 483
122 484
122 485
122 486
122 487
122 488
123 385
123 386
123 388
123 389
123 431
123 492
123 493
123 494
123 495
123 496
123 497
123 498
123 499
123 500
123 501
124 363
124 364
124 365
124 366
124 367
124 368
124 495
124 496
124 497
124 498
124 499
124 500
124 501
124 503
124 504
124 505
124 517
125 439
125 440
125 442
125 443
125 444
125 461
125 462
125 463
125 464
125 465
125 466
125 467
125 468
125 469
125 470
125 471
125 472
125 473
125 474
125 475
125 476
125 477
126 423
126 424
126 425
126 426
126 427
126 428
126 429
126 430
126 431
126 432
126 433
126 434
126 435
126 436
126 437
126 438
126 439
126 440
126 441
126 442
126 443
126 444
126 445
126 446
126 447
127 409
127 413
127 504
127 505
127 506
127 508
127 509
127 510
127 511
127 512
128 481
128 482
128 483
128 484
128 485
128 506
128 507
128 508
128 509
128 510
128 511
128 512
128 513
128 514
128 515
128 516
128 517
128 518
129 436
129 437
129 438
129 439
129 440
129 441
129 442
129 443
129 444
129 445
129 493
129 494
129 495
129 496
129 497
129 498
129 499
129 500
129 501
130 478
130 485
130 486
130 487
130 488
130 489
130 490
130 491
130 492
130 493
130 494
130 495
130 496
130 497
130 498
130 499
130 500
130 501
130 502
130 503
130 504
130 505
130 511
130 513
130 514
130 515
130 516
130 517
130 518
130 519
131 361
131 362
131 363
131 364
131 383
131 386
131 406
135 424
135 425
135 426
135 427
135 428
135 429
135 430
135 431
135 432
135 433
135 434
135 435
135 436
135 437
135 438
135 439
135 440
135 441
135 442
135 443
135 444
135 445
135 446
135 447
135 457
135 458
135 459
135 460
135 493
135 494
135 495
135 496
135 497
135 498
136 592
137 482
137 483
137 484
137 485
137 486
137 487
137 488
137 489
137 490
137 491
137 492
137 493
137 494
137 495
137 496
137 497
137 498
137 499
137 500
137 501
137 502
138 499
138 500
138 501
138 502
138 503
138 504
138 505
138 506
138 507
138 508
138 509
138 510
138 511
138 512
138 513
138 514
138 515
138 516
138 517
138 518
138 519
138 520
138 521
138 522
140 563
140 564
140 565
140 566
140 567
140 568
140 569
140 570
140 571
140 572
140 573
140 574
140 575
140 576
140 577
140 578
140 579
140 580
140 581
140 582
140 583
140 584
140 585
140 586
140 587
140 603
140 604
140 605
141 525
141 526
141 527
141 528
141 529
141 530
141 531
141 532
141 533
141 534
141 535
141 536
141 537
141 538
141 539
141 540
141 546
141 557
141 558
141 559
141 560
141 561
141 563
141 566
142 554
142 555
142 556
142 557
142 558
142 559
142 560
144 236
144 437
144 438
144 554
144 555
144 556
144 557
144 558
144 559
144 560
144 561
144 562
144 563
144 564
144 565
144 566
144 567
144 568
144 569
144 570
144 571
144 572
144 573
144 574
144 575
144 576
144 577
144 578
144 579
145 431
145 432
145 433
145 434
145 435
145 436
145 437
145 438
145 439
146 609
146 610
146 611
146 612
146 613
146 614
146 615
146 616
146 617
146 618
146 619
146 620
146 621
146 622
146 623
146 624
146 625
146 626
148 485
148 486
148 487
148 488
148 489
148 490
148 491
148 492
148 493
148 494
148 495
148 496
148 526
148 527
148 528
148 529
148 530
148 531
148 532
148 533
148 534
148 535
148 536
148 537
148 538
148 539
149 459
150 476
150 477
150 478
150 479
151 521
151 522
151 523
151 524
151 525
151 526
151 527
151 528
151 529
151 530
151 531
151 532
151 539
151 540
151 541
153 421
153 422
153 430
155 511
155 602
156 538
156 539
156 540
156 541
156 542
156 543
156 544
156 545
156 546
156 547
156 548
156 549
157 549
157 552
157 553
158 505
159 383
159 384
159 385
159 386
159 388
159 389
159 390
159 405
159 407
159 408
159 409
159 445
159 446
159 447
159 448
159 449
159 454
159 455
160 505
160 506
160 507
160 508
160 509
160 510
160 511
160 535
162 374
162 375
162 376
162 377
162 378
162 379
162 380
162 381
162 382
162 383
162 384
162 385
162 386
162 387
162 388
163 543
164 540
164 541
164 542
164 543
164 544
164 545
164 546
166 603
166 604
166 605
166 608
167 570
167 571
167 572
167 573
167 574
167 575
167 576
167 577
167 578
167 579
167 580
167 581
167 582
167 583
167 584
167 585
167 586
167 587
167 588
167 589
167 590
167 591
168 517
168 518
168 519
168 520
168 521
168 522
168 523
168 524
168 525
168 526
168 527
168 528
168 529
168 530
168 531
169 438
169 439
169 440
169 443
169 444
169 445
169 446
169 447
169 448
169 449
169 450
169 459
169 460
169 461
169 462
169 463
169 464
169 465
169 466
169 467
169 468
169 469
169 470
169 471
169 472
169 515
170 372
170 373
170 376
170 377
170 378
170 379
170 380
170 381
170 521
170 522
170 523
170 524
170 525
170 526
170 527
171 565
172 468
172 469
172 470
172 471
172 472
172 473
173 490
173 491
173 492
173 494
173 495
173 496
173 497
173 498
173 499
173 500
174 524
174 525
174 526
174 527
174 528
174 529
174 530
174 531
174 532
174 533
174 534
174 535
174 536
174 537
174 538
174 539
174 540
175 449
175 450
175 451
175 452
175 453
175 454
175 455
175 456
175 457
175 458
175 459
175 460
175 461
175 462
175 463
175 464
175 465
175 466
175 467
175 468
175 469
175 470
175 471
176 489
176 490
176 491
176 492
176 493
176 494
176 495
176 496
176 497
176 498
176 499
176 500
176 501
176 502
176 503
176 504
176 505
176 506
176 507
176 508
176 509
176 510
176 511
176 512
176 513
176 514
176 515
176 516
176 517
176 518
176 519
176 520
178 397
178 398
178 399
178 400
178 403
178 404
178 405
178 406
178 407
178 408
178 409
178 410
178 411
178 412
178 413
178 414
178 415
178 416
178 417
178 418
178 419
178 420
178 421
179 447
179 448
179 449
179 450
179 452
179 453
179 454
179 455
179 456
179 457
179 458
179 543
179 544
179 545
179 547
179 548
179 549
179 551
180 853
182 447
182 448
182 449
182 450
182 451
182 504
182 508
182 509
182 510
182 511
183 403
183 404
183 405
183 406
183 407
183 408
184 437
184 439
184 472
186 517
186 518
186 519
186 551
186 552
186 553
186 554
186 555
186 556
188 420
188 421
188 514
188 515
188 516
188 517
188 518
188 519
188 520
188 521
188 522
188 523
188 524
188 525
188 526
188 533
188 534
188 535
188 536
188 537
188 538
188 539
188 540
188 541
188 542
188 543
188 544
188 545
188 608
188 609
188 614
188 615
188 616
188 617
190 481
190 482
190 483
190 484
190 489
190 490
190 491
190 492
190 528
191 510
191 511
191 512
191 513
191 514
191 515
191 516
191 517
191 518
192 495
192 496
192 497
192 498
192 499
192 500
192 501
192 502
192 503
192 504
192 505
192 506
192 507
192 508
192 523
192 524
192 525
192 526
192 527
192 528
192 529
193 370
193 371
193 372
193 373
193 374
193 375
193 376
193 377
194 344
194 345
194 346
194 347
194 348
194 531
194 532
194 533
194 534
196 454
196 455
196 456
196 457
196 458
196 459
196 460
196 461
196 462
196 463
197 310
197 311
197 315
197 316
197 317
197 318
197 319
198 484
198 642
198 643
198 644
198 645
198 646
198 647
198 648
198 649
198 650
201 509
201 510
201 511
201 512
201 513
201 514
201 515
201 516
201 517
201 518
201 519
201 520
201 521
201 522
201 523
201 524
201 525
201 526
201 527
201 528
201 529
201 530
201 531
201 532
201 533
201 534
201 535
201 536
201 537
201 538
201 539
201 540
201 541
201 542
204 458
204 459
204 460
204 461
204 465
204 466
204 467
204 468
204 469
204 470
204 471
204 472
204 532
204 533
204 534
204 535
204 536
206 558
206 559
206 560
207 487
207 488
207 489
207 490
207 491
207 492
207 493
207 494
207 495
207 496
207 497
207 498
207 499
207 500
207 501
207 502
207 503
207 504
207 505
207 506
207 507
207 508
207 509
207 510
207 511
207 512
207 513
207 514
207 515
207 516
208 360
209 396
209 397
209 398
209 399
209 400
209 401
209 402
209 403
209 404
209 405
209 406
209 407
209 408
209 409
209 410
209 411
209 412
209 413
209 414
209 415
209 532
209 533
209 534
209 538
209 540
209 541
209 544
209 545
209 546
209 547
209 548
209 549
209 550
209 551
209 552
209 553
209 554
209 555
209 556
209 557
209 558
209 559
209 560
209 561
209 562
209 568
213 473
213 474
213 475
213 476
213 477
213 480
213 481
213 482
213 484
213 485
213 527
213 529
213 533
213 534
213 535
213 536
213 537
213 538
213 539
213 540
213 541
214 514
214 515
214 554
214 556
214 557
214 558
214 559
214 560
214 561
215 292
215 297
215 466
215 499
215 501
215 502
215 503
217 536
217 539
217 540
217 541
217 542
217 563
217 564
217 566
217 567
218 448
218 449
218 450
218 451
218 452
218 453
218 454
218 455
218 456
218 457
218 458
218 459
218 460
218 461
218 462
218 463
218 464
218 465
218 466
218 467
218 468
218 469
218 474
218 477
218 478
218 479
218 480
218 481
218 482
218 483
218 484
218 485
218 486
218 487
218 488
218 489
218 490
218 491
218 492
218 493
218 499
218 500
218 501
218 502
218 504
219 442
219 443
219 449
219 451
219 452
220 472
220 473
220 474
220 475
220 476
220 477
220 478
220 479
221 472
221 473
221 474
221 475
221 476
221 477
221 478
222 623
222 624
223 536
223 537
223 538
223 539
223 540
223 541
223 542
223 543
223 544
223 545
223 546
223 547
223 548
223 549
223 550
223 551
223 552
224 449
224 450
224 451
224 452
224 453
224 454
224 455
224 466
224 467
224 468
224 469
224 470
224 471
224 473
226 540
226 541
226 542
226 543
226 544
226 545
226 546
226 549
227 512
227 513
227 514
227 515
227 516
227 517
227 518
227 519
227 520
227 521
227 522
227 523
227 524
227 525
227 528
227 529
227 620
228 502
228 503
228 504
228 506
228 507
228 538
228 539
228 540
228 541
228 542
228 543
228 544
228 545
228 546
228 547
228 548
228 549
228 550
228 551
230 549
230 550
230 551
230 552
230 553
230 554
230 555
230 556
230 557
230 558
230 559
230 560
230 561
230 562
230 563
230 564
230 569
230 571
230 572
230 575
230 576
230 577
230 578
230 579
230 580
230 581
230 582
230 583
230 584
230 585
230 586
230 587
230 588
230 589
230 590
231 403
231 434
231 435
231 436
231 437
231 438
231 439
231 440
231 441
231 442
231 453
231 454
231 462
231 463
231 475
231 476
231 477
231 478
231 479
231 480
231 481
231 482
231 483
231 484
231 485
231 486
231 487
231 488
231 489
231 490
231 491
231 492
231 493
231 494
231 495
231 496
231 497
231 498
231 499
231 500
231 501
231 502
231 620
232 467
234 434
234 435
234 436
234 513
235 468
235 469
235 470
235 471
235 472
235 473
235 474
235 475
235 516
235 517
235 518
236 495
236 496
236 497
236 498
236 499
236 500
236 501
236 502
236 503
236 504
236 505
236 506
236 507
236 508
236 509
236 510
236 511
236 512
236 513
236 518
236 519
236 520
236 521
236 522
236 523
236 524
236 525
236 526
236 527
236 528
236 529
236 530
237 502
237 503
237 504
237 514
237 515
237 516
237 536
237 537
237 538
237 539
237 540
237 541
237 543
237 544
237 545
237 546
237 548
237 549
237 550
237 551
237 552
237 553
237 554
237 555
237 556
237 557
237 558
237 559
237 560
237 561
239 355
239 356
239 364
239 365
239 438
239 439
239 440
239 441
239 442
239 443
239 444
239 445
239 446
239 447
239 448
239 449
239 450
239 451
239 459
239 483
240 417
240 418
240 419
240 420
240 421
240 422
240 423
240 424
240 425
240 426
240 427
240 428
240 429
240 430
240 431
240 432
241 493
241 494
241 495
241 496
241 497
241 498
241 499
241 500
241 501
241 502
241 503
242 535
242 536
242 537
242 538
242 539
242 540
242 541
242 542
242 543
242 544
242 545
242 546
242 547
243 404
243 405
243 406
243 415
243 416
243 417
244 510
244 511
244 512
244 513
244 514
244 522
244 523
244 524
244 525
244 526
244 527
244 529
244 530
245 504
245 505
245 506
245 507
245 508
245 509
245 510
245 511
245 512
245 513
245 514
245 515
245 568
245 569
248 462
248 463
248 464
248 465
248 466
248 467
248 468
248 473
248 475
248 476
248 477
248 478
248 479
248 480
248 481
248 482
248 483
248 484
248 485
248 486
248 487
248 488
248 489
248 490
248 491
248 492
248 493
248 494
248 495
250 455
251 507
251 508
251 509
251 510
251 511
251 512
251 513
251 514
251 515
251 516
251 517
251 518
251 519
251 520
251 521
251 522
251 546
251 547
251 548
251 549
251 550
251 551
251 552
251 553
251 554
251 555
251 556
251 557
251 558
251 559
251 560
251 561
251 562
251 563
251 564
251 565
251 566
251 567
251 571
251 574
252 500
252 501
252 502
253 461
253 462
253 463
253 464
253 465
253 466
253 467
253 468
253 469
253 470
253 471
253 472
253 507
253 508
253 509
255 326
255 327
257 547
257 548
257 549
257 550
257 555
257 557
257 558
257 559
260 474
260 475
260 476
260 477
260 478
260 479
260 480
260 481
260 482
260 483
260 484
260 485
260 486
261 370
261 496
261 497
261 498
261 499
261 500
261 501
261 502
261 503
261 504
261 505
261 506
261 507
261 508
261 509
261 510
261 511
261 512
261 513
261 514
261 515
261 516
261 517
261 518
261 519
261 520
261 521
261 522
261 523
261 524
261 525
261 526
261 527
261 528
261 529
261 530
261 531
261 532
261 533
263 437
263 438
263 439
263 440
263 441
263 442
263 443
263 444
263 445
263 446
263 447
263 448
263 449
263 450
263 451
263 452
263 453
263 454
263 455
263 456
263 457
263 458
263 459
263 460
263 461
263 462
264 486
264 487
265 499
265 500
265 501
265 502
265 505
265 507
265 508
265 509
266 519
266 520
266 521
266 522
266 523
266 524
266 525
266 526
266 527
266 528
266 529
266 530
266 531
266 532
266 533
266 534
266 535
266 536
266 537
266 538
266 539
266 540
266 541
266 542
266 543
266 544
266 545
266 546
266 547
266 548
267 462
267 463
267 464
267 465
267 466
267 467
267 468
267 469
267 470
267 471
267 472
267 473
267 474
267 475
267 488
267 489
268 388
268 389
269 473
269 474
269 475
269 476
269 477
269 478
269 479
269 480
269 488
269 489
269 490
269 491
269 492
269 493
269 494
269 495
269 496
269 497
269 498
269 499
269 500
269 501
269 502
269 503
269 504
269 505
269 506
269 507
269 508
269 509
270 472
270 473
270 474
270 475
271 417
271 571
271 573
273 495
273 496
274 397
274 398
274 399
274 400
274 401
274 402
274 403
274 404
274 405
274 406
274 407
274 408
274 409
274 410
274 411
274 412
274 413
274 414
274 415
274 416
274 417
275 427
275 428
275 429
275 430
275 431
275 432
275 433
275 434
275 435
275 436
275 437
275 438
275 439
275 440
275 441
275 442
275 443
275 444
275 445
275 446
275 447
276 494
276 495
276 496
276 524
276 525
276 526
276 527
276 528
276 529
276 530
276 531
276 532
277 520
277 521
277 522
277 525
277 541
277 542
277 543
277 544
277 545
277 546
277 547
277 548
277 549
277 550
277 551
277 552
277 553
277 554
277 555
277 556
278 519
280 515
280 516
280 517
280 518
284 379
284 380
284 381
284 382
285 520
285 521
285 522
285 523
285 524
285 525
285 526
285 527
285 528
285 533
285 547
285 549
285 550
286 328
286 329
286 330
286 331
286 332
286 333
286 334
286 496
286 512
288 500
288 501
288 502
288 503
288 504
288 505
288 506
288 507
288 508
288 509
288 510
288 511
289 489
291 471
291 472
291 473
291 474
291 475
291 476
291 477
291 478
291 479
291 480
291 481
291 482
291 483
291 484
291 485
291 486
291 487
291 488
291 489
292 509
292 511
292 512
292 513
292 526
292 583
292 584
292 585
292 586
292 664
292 666
293 462
293 463
293 465
293 466
293 467
293 524
293 525
293 526
293 527
293 528
293 529
293 530
293 531
293 572
293 573
293 574
293 575
293 576
293 577
293 578
293 584
293 585
297 473
297 474
297 475
297 476
297 477
297 478
297 479
297 480
297 481
297 482
297 483
297 490
297 494
297 495
297 496
297 497
297 498
297 499
297 500
297 501
297 502
297 503
297 504
297 505
297 506
297 507
297 508
297 509
298 510
298 511
298 512
298 513
298 514
298 515
298 516
298 517
298 518
298 519
298 520
298 521
298 522
298 523
298 524
298 525
298 526
298 527
298 528
298 529
298 530
298 531
299 497
299 498
299 499
299 500
299 501
299 502
299 503
299 504
299 505
299 506
299 507
300 326
300 327
300 328
300 329
300 330
300 332
302 455
302 456
302 457
302 458
302 459
302 460
302 461
302 462
302 463
302 490
302 491
302 492
302 493
302 494
302 495
305 378
305 379
305 380
305 381
305 382
305 383
305 384
305 385
305 386
305 387
305 388
305 389
305 390
305 391
305 392
306 379
306 380
306 381
306 388
306 455
306 458
306 459
306 460
306 494
310 239
310 240
311 556
311 557
311 558
311 559
311 560
311 561
311 562
311 563
311 564
311 565
311 566
311 567
311 568
311 569
311 570
311 571
311 572
314 392
314 393
314 394
314 395
314 396
315 543
315 544
315 545
315 546
315 547
315 548
315 549
315 550
315 553
315 555
315 556
316 456
316 457
316 458
316 461
316 462
316 464
316 468
316 504
316 505
316 506
316 507
317 470
317 471
317 472
317 473
317 474
317 475
317 498
317 499
317 500
317 501
317 502
317 503
317 504
317 505
317 506
317 507
317 508
317 509
317 510
317 511
317 512
317 513
317 514
317 515
317 516
317 517
317 518
317 519
318 436
318 437
318 438
318 439
318 440
318 441
318 442
318 443
318 444
318 445
318 446
318 447
318 448
318 449
318 450
318 451
318 452
318 453
318 454
318 455
318 456
318 457
318 458
318 459
318 460
318 461
318 462
318 482
319 613
319 614
319 615
319 616
319 617
320 573
320 574
320 575
320 576
320 577
320 578
320 579
320 580
320 582
320 583
320 584
320 585
321 495
321 500
321 501
321 502
321 503
321 504
321 505
321 506
324 450
324 451
324 452
324 453
324 454
324 455
324 457
324 458
324 461
325 481
325 483
325 527
325 528
325 529
325 530
325 531
325 532
325 533
325 535
325 537
325 538
325 539
325 540
325 541
327 477
327 478
327 479
327 482
327 483
327 484
327 485
327 486
327 514
327 515
327 516
327 623
327 631
328 437
328 438
328 439
328 440
328 441
328 442
328 443
328 444
328 445
328 446
328 447
328 448
328 449
328 450
329 448
329 449
329 451
329 452
329 453
329 454
329 455
329 456
329 488
329 489
329 490
329 491
329 492
329 493
329 494
329 495
329 496
329 497
331 309
331 310
331 311
331 312
331 313
331 314
331 315
331 316
331 317
331 318
331 319
331 320
331 321
331 322
331 323
331 324
331 325
331 326
331 327
331 328
331 329
333 478
333 479
333 480
333 481
333 482
333 483
333 484
333 485
333 486
333 487
333 488
333 489
333 490
333 491
333 492
333 493
333 494
333 495
333 496
333 497
333 498
333 499
333 500
333 501
333 502
333 503
333 504
333 505
333 506
333 510
334 488
334 489
334 490
334 491
334 492
334 493
334 494
334 495
335 462
335 463
335 464
335 465
335 466
335 467
335 468
335 469
335 470
335 471
335 474
335 545
335 546
335 547
335 550
335 551
335 552
335 553
335 554
335 555
335 556
335 557
335 558
335 559
335 560
335 561
335 562
335 563
335 564
335 565
335 566
335 568
336 465
336 466
336 467
336 471
336 472
336 473
336 474
336 475
336 476
336 477
336 478
336 479
336 480
336 481
336 483
336 484
337 388
338 410
338 411
338 412
338 413
338 414
338 415
338 443
338 444
338 445
338 446
338 447
338 448
338 449
338 450
338 452
338 508
338 509
338 510
340 495
340 498
340 499
340 500
340 501
340 502
340 503
340 504
340 505
340 506
340 507
340 508
340 509
340 510
340 511
340 512
340 513
340 514
340 515
340 516
340 517
340 518
340 519
340 520
340 521
340 522
340 523
340 524
340 525
340 526
340 527
340 528
340 529
340 530
340 531
340 532
340 533
340 534
340 535
340 536
343 408
343 410
343 411
343 412
343 513
343 514
343 515
343 516
343 517
343 518
343 519
343 520
343 521
343 522
343 523
343 524
343 525
343 526
344 383
344 384
344 386
344 387
344 388
344 389
344 390
344 391
344 392
344 393
344 394
344 395
344 396
344 397
344 398
344 399
344 400
344 401
344 402
344 403
344 404
344 405
344 406
345 385
348 430
348 431
348 432
348 433
348 434
348 435
348 436
348 437
348 438
348 439
348 440
348 453
348 454
348 455
348 456
348 457
348 522
348 523
348 524
348 527
348 528
348 529
348 530
348 531
348 532
348 533
348 534
348 535
349 462
349 463
349 464
349 465
349 466
349 467
349 468
349 469
349 470
349 471
349 472
349 473
349 474
349 475
349 476
349 477
349 478
349 479
349 480
349 481
349 489
349 493
349 495
349 496
349 497
349 498
350 403
350 404
350 405
350 406
351 540
351 541
351 542
351 543
351 544
351 545
351 546
351 547
352 447
352 448
352 449
352 450
352 451
352 452
352 453
352 454
352 455
352 456
352 457
352 458
352 459
352 460
352 461
352 565
352 566
352 567
353 493
353 494
353 495
353 496
353 497
353 498
358 474
358 475
358 477
358 478
358 479
358 480
358 481
358 482
358 483
358 484
358 485
358 528
358 557
360 475
360 476
360 477
360 478
360 479
360 480
361 303
361 304
361 305
361 306
361 307
361 308
361 309
361 310
361 311
361 312
361 313
361 314
361 315
361 316
361 339
361 340
361 341
361 342
361 343
361 344
361 345
361 346
362 415
362 416
362 417
362 418
362 419
362 420
362 421
362 422
362 423
362 424
362 425
362 433
362 434
362 435
362 436
362 437
362 438
362 439
362 440
362 441
362 442
362 443
362 444
362 445
362 446
362 447
362 448
362 449
362 450
362 451
362 452
364 490
364 491
364 492
364 493
364 494
364 495
364 496
364 497
364 498
364 499
364 500
364 501
364 502
364 504
364 505
364 506
364 507
364 508
364 509
364 510
364 511
364 512
364 513
364 514
364 515
364 516
364 517
364 518
364 519
364 520
364 521
364 522
364 523
364 524
364 525
364 526
364 527
364 528
367 450
367 451
367 452
367 453
367 454
367 455
367 456
367 457
367 458
367 459
367 460
367 461
367 462
367 518
367 519
367 520
367 521
367 525
367 526
368 417
368 418
368 419
368 420
368 421
368 422
368 423
368 424
368 425
368 426
368 427
368 428
368 429
368 430
368 431
368 432
368 433
368 434
368 435
369 525
369 526
369 527
371 487
371 492
371 493
371 536
371 537
371 538
371 539
371 540
371 541
371 542
373 538
373 539
373 540
373 541
373 542
373 543
373 544
373 545
373 546
373 547
373 548
373 549
373 550
373 551
373 552
373 553
373 554
373 555
373 556
373 557
373 558
373 559
373 560
375 378
375 379
375 380
375 381
375 382
375 383
375 384
375 385
375 386
375 387
375 388
375 389
375 390
375 495
375 496
375 497
375 498
375 499
375 500
375 501
375 502
375 503
375 504
375 505
376 479
376 480
376 481
376 482
376 483
376 484
376 485
376 486
376 488
376 490
376 491
376 526
376 527
376 528
376 529
376 530
376 531
376 532
376 533
376 534
376 535
376 536
376 541
377 540
377 541
377 594
378 480
378 481
378 482
378 483
378 484
378 485
378 486
378 487
378 488
378 489
378 490
378 491
378 492
378 493
378 494
378 495
378 496
378 497
378 498
378 499
378 500
378 501
378 502
378 503
378 504
380 514
380 515
380 516
380 517
380 518
380 519
380 520
380 522
380 523
380 524
380 525
380 526
380 527
380 528
380 529
380 530
380 531
380 532
380 533
380 534
380 535
380 536
380 537
380 538
381 482
381 483
381 484
381 485
381 486
381 487
381 488
381 489
381 490
381 491
381 492
381 493
381 494
381 506
381 507
381 508
381 509
381 510
381 511
381 512
381 513
381 514
381 515
381 560
382 403
382 404
382 405
382 406
382 407
382 408
382 409
382 410
382 411
382 412
382 413
382 414
382 415
382 416
382 417
382 418
382 419
382 420
382 421
383 436
383 437
383 438
383 439
383 440
383 441
383 442
383 443
383 444
383 445
383 446
383 447
383 448
383 449
383 450
383 451
383 452
383 532
383 533
383 534
383 535
383 536
383 537
383 538
383 540
383 541
384 469
384 470
384 471
385 465
385 466
385 467
385 468
385 469
385 470
385 471
385 472
385 473
385 474
385 475
385 476
385 477
386 494
386 495
386 496
386 497
386 498
386 499
386 500
386 501
386 502
387 365
387 366
387 367
387 368
387 369
387 370
387 371
387 372
387 373
387 374
387 375
387 376
387 377
387 378
387 379
387 380
388 469
388 470
388 471
388 479
388 480
388 481
388 482
388 483
388 484
388 485
388 486
388 487
388 488
388 489
388 490
388 491
388 492
388 493
388 494
388 495
388 496
388 497
388 498
388 499
389 602
389 604
391 450
391 451
391 452
391 456
391 641
391 642
391 643
391 644
391 645
391 648
391 653
392 510
392 511
392 512
392 513
392 514
392 515
392 516
392 517
392 518
392 519
395 369
395 371
395 372
395 373
395 374
395 375
395 376
395 377
395 378
395 379
395 450
395 451
395 452
395 456
395 457
395 458
395 459
395 460
395 461
395 462
395 463
395 464
395 465
395 466
395 467
395 468
396 495
396 496
396 497
396 498
396 537
396 538
396 540
397 468
398 511
398 512
398 513
398 514
400 410
400 411
400 412
400 413
400 414
400 415
400 416
403 425
403 426
403 427
403 428
403 435
403 436
403 437
403 438
403 439
403 440
403 441
403 442
404 478
404 480
404 487
404 488
404 489
404 490
404 493
404 494
404 495
404 496
404 497
404 498
405 428
406 481
406 482
406 483
406 484
406 485
406 486
406 487
406 540
406 541
406 542
406 543
406 544
406 545
406 546
406 547
406 548
406 549
406 550
406 551
406 552
407 561
407 562
407 563
407 564
407 565
407 566
407 567
407 568
407 569
407 570
407 571
407 572
407 573
407 574
407 575
408 547
408 548
408 549
408 550
408 551
410 605
410 606
410 607
410 608
410 609
410 610
410 611
410 612
410 613
410 614
410 615
410 616
410 617
410 618
411 430
411 431
411 432
411 433
411 434
411 435
411 436
411 437
411 438
411 439
411 440
411 441
411 442
411 443
411 490
411 491
411 492
411 493
411 494
411 522
411 525
411 526
411 527
411 528
411 529
411 530
411 531
411 542
411 543
411 544
411 545
411 546
411 547
411 548
411 549
411 550
411 551
411 552
411 553
412 453
412 454
412 455
412 456
412 457
412 458
412 459
412 463
412 464
413 495
413 496
414 473
414 474
414 475
414 476
414 477
414 478
414 479
414 480
414 481
414 535
414 536
414 537
414 538
414 539
414 540
414 541
414 542
414 543
414 544
414 545
414 546
414 547
414 548
414 549
414 550
414 551
414 552
414 554
414 555
414 556
414 557
414 558
414 559
414 560
414 561
414 562
414 563
414 564
414 566
416 492
416 493
416 494
416 495
416 496
416 497
416 498
416 499
416 500
416 501
416 502
416 503
416 504
416 505
416 506
416 507
416 508
416 509
416 510
416 511
416 516
416 517
416 518
416 519
416 520
418 531
418 532
418 533
418 534
418 535
418 536
418 537
418 538
418 539
418 540
418 541
418 542
418 543
418 544
418 545
418 546
418 547
418 548
418 549
418 550
418 551
419 495
419 496
419 497
419 498
420 429
420 430
420 431
420 432
420 433
420 434
420 435
420 436
420 437
420 438
420 473
420 545
420 562
420 563
420 564
420 565
420 566
420 567
420 568
422 530
422 531
422 532
422 533
422 534
422 535
422 536
422 537
422 538
422 539
422 540
422 541
422 542
423 445
423 446
423 447
423 448
423 496
423 497
423 498
423 499
423 500
423 501
423 502
423 503
423 504
423 505
423 506
424 471
424 472
424 473
424 474
424 475
424 476
424 477
424 478
424 479
424 480
424 481
424 482
424 483
425 548
425 549
425 550
425 551
425 552
425 553
425 554
425 555
425 556
425 557
425 558
425 559
425 560
426 469
426 470
426 471
426 472
426 473
426 474
426 475
426 476
426 477
427 448
427 449
427 450
427 451
427 452
428 530
428 531
428 532
428 533
428 534
428 535
428 537
428 538
428 539
428 540
428 541
428 542
431 492
431 493
431 500
431 501
431 507
431 508
431 509
431 510
431 511
431 512
431 513
433 444
433 445
433 446
433 447
433 448
433 449
433 450
433 451
433 452
433 453
433 454
433 455
433 456
433 457
433 458
433 459
433 460
433 461
433 462
433 530
433 531
433 532
433 533
433 534
433 535
433 536
433 537
433 538
433 539
433 540
433 541
433 542
433 543
433 544
433 545
433 546
433 547
433 583
433 584
433 585
434 464
434 748
434 749
438 480
438 481
438 482
439 387
439 388
439 389
439 390
439 391
439 393
439 395
439 508
439 509
439 510
439 511
439 512
439 513
439 514
439 515
439 516
439 517
439 518
442 480
442 481
443 491
443 494
443 495
443 496
445 587
445 588
445 589
445 590
445 591
445 595
445 596
446 520
446 521
446 522
446 523
446 524
446 525
446 526
446 527
446 528
446 529
447 512
447 513
447 514
447 515
447 516
447 517
447 518
447 519
447 520
447 521
447 522
447 523
447 524
447 525
447 526
447 527
449 591
449 592
449 593
449 594
449 595
449 596
449 597
449 598
449 599
449 602
449 603
449 604
449 605
449 606
451 542
451 543
451 544
451 545
451 546
451 547
451 548
451 549
451 550
451 551
451 552
451 553
451 554
451 555
451 556
451 557
451 558
451 559
451 560
451 561
451 562
453 446
454 414
454 415
454 416
454 417
454 418
454 419
454 420
454 421
454 422
454 423
454 424
454 425
454 426
454 427
454 428
454 429
454 430
454 431
456 415
456 416
456 417
456 418
456 419
456 420
456 421
456 422
456 423
456 424
456 425
456 426
456 427
456 428
456 429
456 430
456 431
456 432
456 433
456 437
456 438
456 439
456 440
456 441
456 442
456 443
456 444
456 445
456 446
456 447
459 470
459 471
459 472
459 473
459 474
459 475
459 476
459 477
459 478
459 479
459 480
459 481
460 372
460 373
460 374
460 375
460 376
460 377
460 425
460 426
460 427
460 428
460 429
460 430
460 431
460 432
460 433
460 434
460 436
460 439
460 442
460 443
460 511
460 513
461 464
461 568
461 569
461 570
461 571
461 572
461 573
461 574
461 575
461 576
461 577
461 578
461 579
461 580
461 581
461 582
461 583
461 584
461 585
461 586
461 587
461 588
461 589
462 479
464 463
464 464
464 465
464 466
464 467
464 594
464 599
464 600
464 603
465 393
465 394
466 537
466 538
466 539
466 540
466 541
466 542
466 543
466 544
466 545
466 546
466 547
466 548
466 549
466 550
466 551
466 552
466 553
466 554
466 555
466 556
466 557
466 558
466 559
466 560
466 561
466 562
466 563
466 564
466 565
466 566
466 567
466 568
466 569
466 570
466 571
466 572
466 573
466 574
467 544
467 545
467 546
467 547
467 548
467 550
467 551
470 408
471 495
472 438
472 439
472 440
472 441
472 442
472 443
473 526
473 527
473 528
473 529
473 530
473 531
473 532
473 533
473 534
473 603
473 605
474 555
474 556
474 557
474 558
474 559
474 560
474 561
474 562
474 563
474 564
474 565
474 566
474 567
474 568
474 569
474 570
474 571
474 572
474 573
474 574
474 575
474 576
474 577
475 434
475 435
475 436
475 437
475 438
475 439
475 440
475 441
475 442
475 443
475 444
475 445
475 446
475 447
475 460
475 461
475 462
475 463
475 464
475 465
475 466
475 467
475 468
475 469
475 470
475 484
475 485
475 486
475 489
475 490
475 529
475 530
475 532
475 533
475 534
475 535
475 536
475 537
475 538
476 448
476 449
476 452
476 453
476 455
476 456
476 457
476 458
476 459
478 480
478 481
478 482
478 483
478 543
478 544
478 545
478 546
478 547
478 548
478 549
478 550
478 551
478 552
478 553
478 554
478 555
478 556
478 557
478 558
478 559
478 560
478 561
478 562
478 563
478 564
479 504
479 508
479 509
479 510
479 511
479 512
480 485
480 489
480 490
481 438
481 439
481 440
481 441
481 442
481 443
481 444
481 445
481 446
481 447
481 448
483 618
483 619
483 620
483 621
483 622
483 623
483 624
483 625
483 626
484 473
484 474
484 475
484 476
484 479
484 480
484 481
484 482
485 468
485 475
485 521
485 522
485 523
485 524
485 525
485 526
485 527
485 528
485 529
485 530
485 531
485 532
485 533
485 534
485 535
485 548
485 549
485 550
485 626
485 627
485 628
486 389
486 394
486 395
486 396
486 596
487 456
487 457
487 503
487 504
487 505
487 506
488 553
488 554
488 555
488 556
490 538
490 539
490 540
490 541
490 542
490 543
490 544
490 545
490 546
490 547
490 548
490 549
490 550
490 551
490 552
490 553
490 554
490 555
490 556
491 573
491 574
491 575
491 576
493 515
493 516
493 517
493 518
493 519
493 520
494 494
494 495
494 497
494 498
494 499
496 495
496 496
496 497
496 498
496 499
496 500
496 501
496 502
496 503
496 504
496 535
496 538
496 539
496 540
501 426
501 427
501 428
501 429
501 430
501 431
501 432
501 433
501 434
501 435
501 436
501 437
501 438
501 439
501 440
501 441
501 442
501 443
501 444
501 445
501 446
503 395
503 396
503 397
503 398
503 399
503 400
503 402
503 403
503 404
503 405
503 406
503 407
503 408
503 409
503 410
503 411
503 412
503 413
503 414
504 510
504 511
505 562
505 568
505 570
505 571
505 572
506 452
506 453
506 454
506 455
506 456
506 457
506 458
507 507
507 508
507 509
507 510
507 517
507 518
507 519
507 520
507 521
507 522
507 523
507 524
507 525
507 526
507 527
507 528
507 529
507 530
507 531
507 532
507 533
507 534
507 535
507 536
507 537
507 538
507 539
508 396
511 473
511 474
511 489
511 490
511 491
511 492
511 493
511 494
511 495
511 496
511 497
511 498
511 499
511 500
511 501
511 502
511 503
511 504
511 505
511 506
511 507
511 508
511 509
511 510
511 511
511 512
511 513
511 514
511 515
511 516
511 521
512 519
512 520
512 521
512 522
512 523
512 524
512 525
512 526
512 527
512 528
512 529
512 530
512 531
512 532
512 533
512 534
512 535
512 536
512 537
512 538
512 539
513 614
513 615
513 616
513 617
513 618
513 619
513 620
513 621
513 622
513 623
514 521
514 522
514 523
514 524
514 525
514 526
514 527
514 528
514 529
514 530
514 531
514 532
514 533
514 534
514 535
514 536
514 537
514 538
514 539
514 540
514 541
515 462
515 463
515 466
515 467
515 468
515 469
516 447
516 448
516 449
517 312
517 313
517 315
517 364
517 377
517 378
517 379
517 380
517 381
517 382
517 383
517 384
517 385
517 386
517 389
517 390
517 391
518 479
518 480
518 481
518 482
518 556
521 515
521 516
521 517
521 518
521 519
521 520
521 521
521 522
521 523
521 524
521 525
521 526
521 527
521 528
521 529
521 530
521 531
521 532
521 533
521 534
521 535
521 536
521 537
521 538
521 539
521 540
521 541
521 542
521 543
521 544
522 499
522 502
522 511
522 512
522 513
522 514
522 515
522 516
522 517
522 518
522 521
522 522
522 523
522 524
522 525
522 526
522 527
522 528
522 529
522 530
522 531
522 532
522 533
522 534
522 535
522 536
522 537
522 538
522 539
522 540
522 541
522 542
522 543
522 553
522 554
522 555
522 556
523 511
523 512
523 513
523 514
523 590
523 591
523 595
523 596
523 597
523 598
523 599
523 600
523 601
525 416
525 417
525 418
526 438
526 523
526 524
527 399
527 400
527 401
527 402
527 403
527 404
527 405
527 406
527 407
527 408
527 409
527 410
527 411
527 412
527 413
527 414
527 415
527 416
527 417
528 400
528 401
529 442
529 443
529 444
529 445
529 446
529 447
529 448
529 503
529 504
529 505
529 506
529 507
529 508
529 509
529 510
530 441
530 442
530 443
530 444
530 445
530 446
530 447
530 448
530 449
531 497
531 498
531 499
531 500
531 501
531 502
531 503
531 504
531 505
531 564
531 565
531 566
531 567
531 568
531 569
534 534
534 535
534 536
534 537
534 538
534 539
534 540
534 541
534 542
534 543
534 544
534 545
534 546
534 547
534 548
534 549
535 444
535 445
535 446
535 447
535 448
535 449
535 450
535 451
535 452
535 453
535 454
535 455
535 456
535 457
535 458
535 459
535 460
535 461
535 462
535 463
535 464
535 465
535 466
535 467
535 469
535 478
535 484
535 485
535 487
536 475
536 476
536 512
536 513
536 514
536 515
536 516
536 517
536 518
536 519
536 520
536 521
536 532
537 483
537 484
537 485
537 486
537 487
537 488
537 489
537 490
537 491
537 492
537 493
537 494
537 495
537 496
537 497
537 498
537 499
537 500
537 501
537 502
537 503
537 504
537 505
538 435
538 436
538 437
538 438
538 439
538 440
538 441
538 442
538 443
538 444
538 445
538 446
538 447
539 450
539 451
539 452
539 453
539 454
539 455
539 456
539 461
539 462
540 504
540 505
540 506
540 507
540 508
540 509
540 510
540 511
540 512
540 513
540 514
540 515
540 516
540 517
540 518
541 454
541 455
541 456
541 457
541 515
541 516
541 517
541 518
541 519
541 520
542 502
542 503
542 504
544 499
544 520
544 521
544 522
544 523
544 524
544 525
544 526
544 532
546 590
546 591
548 446
548 447
548 448
548 449
548 450
548 451
548 452
548 453
548 454
548 455
548 588
548 589
548 590
548 591
548 592
549 460
549 462
549 463
549 464
549 465
549 466
549 467
549 468
549 469
549 539
549 540
549 541
549 542
549 543
549 544
549 545
549 546
549 547
550 455
550 456
550 457
550 458
550 459
550 460
550 461
550 462
550 463
550 464
550 465
550 466
550 467
551 413
551 414
551 415
551 416
551 417
551 418
551 419
551 420
551 421
551 422
551 423
551 424
551 425
551 426
551 447
551 448
551 449
551 450
551 451
551 452
551 453
551 454
551 455
551 456
551 457
551 458
551 459
551 460
552 490
553 443
553 444
553 446
553 447
554 528
554 531
554 532
555 428
555 432
555 434
555 435
555 436
555 437
555 447
555 448
555 449
555 450
555 451
555 452
555 453
555 454
555 455
555 456
555 457
555 458
556 451
556 452
556 453
556 454
556 455
556 456
556 457
556 458
556 459
556 460
556 461
556 462
556 463
556 464
557 651
557 652
557 653
557 654
557 655
558 398
558 399
558 400
558 401
558 402
558 403
558 404
558 405
558 406
558 407
558 408
558 409
558 410
558 411
558 412
559 450
559 451
559 452
559 453
559 454
559 455
559 456
559 457
559 458
559 459
559 460
559 461
559 607
560 369
560 370
560 581
560 584
560 585
561 498
561 520
561 521
561 522
561 523
561 524
561 525
561 526
561 527
561 528
561 529
561 531
561 534
561 539
561 540
561 541
561 542
561 543
561 544
561 545
561 546
561 547
561 548
561 549
561 550
561 551
561 552
561 553
561 554
561 555
561 556
561 557
561 558
561 559
561 560
561 561
561 562
561 563
563 483
563 484
563 485
563 486
563 487
563 488
563 489
563 490
563 491
563 492
563 493
563 494
563 496
563 572
563 573
563 574
563 575
563 576
563 577
563 578
564 534
564 912
564 913
564 914
565 458
565 459
565 460
565 499
565 500
565 501
565 502
565 503
565 504
565 505
565 506
565 507
565 508
565 509
565 510
565 511
565 512
565 513
568 406
568 535
568 537
569 560
569 562
569 563
569 564
569 565
569 566
569 567
569 568
569 569
570 498
570 499
570 500
570 505
570 506
570 507
570 508
570 509
570 510
570 511
570 513
570 514
570 515
570 516
570 517
570 518
570 519
570 520
570 521
570 522
570 523
570 524
570 525
570 526
570 527
570 528
570 529
570 530
572 406
572 407
572 408
572 409
572 410
572 411
572 412
572 413
572 414
572 415
572 416
572 417
572 418
572 419
574 515
574 516
574 517
574 518
574 519
574 520
574 521
578 516
578 517
578 518
579 438
579 439
579 440
579 441
579 443
579 444
579 445
579 446
580 515
580 516
580 517
580 518
580 519
580 520
580 521
580 522
580 523
580 524
580 525
580 526
580 527
581 447
581 448
581 449
581 450
581 451
581 452
581 453
581 454
581 455
581 456
581 457
581 458
581 459
582 555
582 556
582 557
582 558
583 132
583 402
583 404
583 405
583 406
583 407
583 408
583 409
583 410
583 411
583 412
583 413
583 414
583 415
583 416
583 417
583 418
583 419
583 420
583 421
583 422
583 423
583 424
583 425
583 426
583 427
583 428
583 429
583 430
583 431
583 432
583 433
583 434
583 435
583 436
583 437
583 438
583 439
583 440
583 441
583 442
583 443
583 444
583 515
583 517
583 518
583 519
583 520
583 521
583 522
583 523
584 539
584 540
584 541
584 542
584 543
584 544
584 545
584 546
584 547
584 548
584 549
584 550
584 551
584 552
584 553
584 554
585 452
586 647
586 648
586 652
586 653
587 446
587 449
587 450
587 451
587 452
587 453
587 454
587 464
587 465
587 466
587 468
587 469
587 470
587 471
587 472
587 473
587 475
588 499
588 500
588 503
588 504
588 505
588 506
588 509
588 522
588 523
588 524
588 525
588 526
590 421
590 422
590 423
590 424
590 425
590 426
590 427
590 428
590 429
590 430
590 431
590 432
590 433
590 477
591 570
591 571
591 575
592 480
592 481
592 482
592 483
592 484
592 485
592 486
592 487
592 488
592 489
592 490
592 491
592 492
592 493
592 494
592 495
592 536
594 443
594 444
594 445
594 447
594 448
594 449
594 450
594 451
594 452
594 453
594 454
594 455
594 456
594 457
594 458
594 459
594 460
594 461
594 462
594 463
594 464
595 440
595 441
595 443
595 444
595 445
595 446
595 480
595 481
595 484
595 485
595 488
595 489
595 491
596 452
596 453
596 454
596 455
596 456
596 457
596 458
596 459
596 460
596 461
596 462
596 463
596 464
596 483
596 484
596 485
596 486
596 487
596 488
596 489
596 490
596 491
596 492
596 493
598 489
598 490
598 491
598 492
598 493
598 494
598 495
598 496
598 497
598 498
598 499
598 500
598 501
599 499
599 500
599 501
599 521
599 522
599 523
599 524
599 525
599 526
599 527
599 528
599 530
601 522
601 523
601 524
601 525
601 526
601 527
601 528
601 563
601 564
601 565
601 566
601 567
601 588
601 589
601 590
601 591
601 592
601 593
601 594
601 595
601 596
601 597
601 598
601 599
604 494
604 495
604 507
604 508
604 509
604 510
604 516
604 517
604 555
604 556
604 557
604 558
604 559
604 560
604 561
604 562
604 563
604 564
604 565
604 566
607 550
608 447
608 448
608 449
608 450
608 451
608 455
608 456
610 397
610 398
610 399
610 400
610 425
610 426
610 427
610 428
610 429
610 561
610 562
612 468
612 469
612 470
612 471
612 472
612 473
612 474
612 475
612 476
612 477
612 478
612 479
612 480
612 481
612 482
612 483
612 484
612 485
612 486
612 487
612 488
612 489
612 490
612 491
612 492
612 493
612 494
612 495
612 496
612 497
612 498
612 499
612 500
612 501
612 502
612 503
614 458
614 460
615 451
615 452
615 453
615 454
615 460
615 481
615 482
615 483
615 484
615 485
615 486
615 487
618 449
618 478
618 479
618 480
618 481
618 482
618 483
618 484
619 471
619 508
619 509
619 510
619 511
619 512
619 513
619 514
619 515
619 516
619 517
619 518
619 519
619 520
619 521
620 499
620 500
620 501
620 502
620 503
620 505
620 506
620 507
620 508
620 509
621 452
621 453
621 454
621 455
621 456
621 457
621 458
621 459
621 460
621 461
621 462
621 463
621 464
622 485
622 486
622 487
622 488
622 489
622 490
622 491
622 492
622 493
622 494
622 495
622 496
622 497
622 498
622 499
622 500
622 501
622 502
622 503
622 504
622 505
622 506
623 450
623 451
623 452
623 453
623 454
623 455
623 456
623 457
623 458
623 459
623 460
623 461
623 515
623 574
623 575
623 576
623 577
623 578
623 579
623 580
623 581
623 582
623 583
623 584
623 585
623 586
623 587
623 588
623 589
623 590
623 591
623 592
623 593
623 594
624 506
624 510
624 511
624 513
624 514
624 515
624 516
624 517
624 518
624 519
624 520
624 521
624 522
624 523
624 524
625 499
625 500
625 501
625 502
625 503
625 529
625 530
625 531
625 538
625 539
625 540
626 425
626 427
626 428
626 433
626 434
626 435
626 436
626 437
627 466
627 467
627 468
627 469
627 470
627 471
627 489
627 490
627 491
627 492
627 493
627 494
627 495
627 496
627 497
627 498
627 499
628 542
628 543
628 544
629 538
629 539
629 540
629 541
629 542
629 543
629 544
629 545
629 546
629 547
629 548
629 637
629 638
629 639
629 640
629 641
630 400
630 401
630 402
630 403
630 404
630 405
630 406
630 407
630 408
630 409
630 410
630 411
630 412
630 413
630 414
630 415
630 416
630 417
630 418
630 419
630 420
630 421
630 614
630 615
630 616
630 617
630 618
630 619
630 620
630 621
630 622
630 623
630 624
630 625
630 626
630 627
630 628
630 629
630 630
630 631
632 502
632 503
632 504
632 505
632 506
632 507
632 508
632 509
632 510
632 511
632 512
632 513
633 506
633 507
633 508
633 509
633 512
633 513
633 514
633 515
633 518
633 519
634 483
634 484
634 485
634 486
634 487
634 488
634 489
634 490
634 491
634 492
634 493
634 529
634 530
634 531
634 532
634 536
635 512
635 519
635 559
635 560
635 561
635 562
635 563
635 564
635 565
635 566
635 567
637 437
637 438
637 439
637 440
637 441
637 448
637 449
637 450
637 451
638 464
638 465
638 466
638 467
638 468
638 469
638 470
638 471
638 472
638 473
638 474
638 475
638 476
638 477
638 478
638 479
638 480
638 481
638 482
638 483
639 520
639 521
639 522
639 523
639 524
639 525
639 526
639 527
639 528
639 529
639 530
639 531
639 532
639 533
640 398
640 399
640 405
640 406
640 407
640 408
640 409
640 410
640 411
640 412
640 413
640 414
640 415
640 416
640 417
640 418
640 419
640 493
641 683
641 684
641 685
641 686
641 687
641 688
641 689
641 690
641 691
641 692
641 693
641 694
641 695
641 696
641 697
641 698
641 699
641 700
641 701
642 509
642 510
642 511
642 512
642 513
642 514
642 515
642 516
642 517
642 518
642 519
642 520
643 527
644 400
644 401
644 402
644 403
644 404
644 405
644 406
644 407
644 408
644 409
644 410
644 411
644 412
644 423
644 424
645 413
645 533
645 534
645 535
645 536
645 537
645 538
645 539
645 540
645 541
646 549
646 550
646 551
646 552
646 553
646 554
646 555
646 556
646 557
646 558
646 559
646 560
646 561
647 429
647 431
647 432
647 482
647 483
648 535
648 536
648 537
648 538
648 539
648 540
648 541
648 544
648 549
648 550
648 551
648 552
648 553
648 554
648 555
648 556
649 492
649 493
649 494
649 495
649 496
649 497
649 498
649 499
649 500
649 501
649 502
649 503
649 504
649 505
649 510
649 511
650 384
650 385
650 386
650 387
650 388
650 389
650 390
650 391
650 392
650 393
650 394
651 505
651 506
651 507
651 508
651 509
651 510
651 511
651 512
651 513
651 514
651 515
651 516
651 517
651 518
651 519
652 691
653 458
653 459
653 460
653 461
653 462
653 463
653 464
653 465
653 466
653 467
653 468
653 470
653 471
653 472
653 475
653 476
653 479
653 480
653 481
653 482
653 483
653 484
653 485
653 486
653 487
653 488
653 489
653 490
653 491
653 492
653 493
653 494
653 495
653 496
653 497
655 585
655 586
655 587
655 588
656 358
656 359
656 360
656 444
656 445
656 504
656 505
656 506
656 507
656 508
656 509
656 510
656 511
656 512
656 513
656 514
656 515
656 558
658 464
658 465
658 466
658 467
658 468
658 469
658 470
658 471
660 569
660 570
660 571
660 572
660 573
660 574
660 575
660 576
660 577
660 578
660 579
660 580
660 581
660 582
660 583
660 584
660 585
660 586
660 587
660 588
660 589
660 590
661 411
661 412
661 413
661 414
661 506
661 507
661 508
661 509
661 515
661 516
662 503
662 504
662 505
662 506
662 508
662 509
662 510
662 511
662 542
662 543
662 545
662 546
662 547
662 548
662 549
663 483
663 484
663 485
663 486
663 501
663 502
663 503
665 618
665 619
665 620
665 621
665 622
665 623
665 624
665 625
665 626
666 477
666 479
666 486
666 487
666 488
666 489
666 491
666 492
666 495
667 315
667 316
667 317
667 318
667 319
667 320
667 321
667 322
667 323
667 324
668 378
668 379
668 380
668 381
668 382
668 421
668 423
668 424
668 425
668 426
668 427
668 428
668 429
668 430
668 431
668 432
668 460
668 461
668 462
668 463
668 464
668 465
668 486
668 488
671 482
671 483
671 484
671 485
671 486
671 487
671 488
671 489
671 490
671 502
672 479
672 480
672 481
672 482
672 483
672 484
672 485
672 486
672 487
672 488
672 489
672 490
672 491
672 492
672 493
672 494
672 495
672 496
672 497
672 498
672 499
672 500
675 535
675 536
675 552
675 556
675 557
675 558
675 559
675 560
675 561
675 562
675 563
675 564
675 565
675 566
675 567
675 568
675 569
675 570
675 571
675 572
675 573
675 574
675 575
675 576
675 579
675 580
675 581
675 582
675 583
675 584
675 585
675 586
675 587
675 588
675 589
675 590
675 591
675 592
676 622
676 623
676 624
676 625
676 626
676 627
676 628
676 629
676 630
676 631
676 632
676 633
676 634
676 635
676 636
676 637
676 638
676 639
676 640
678 464
678 465
678 466
678 467
678 468
678 469
678 470
678 471
678 472
678 473
678 474
680 456
680 457
680 458
680 469
680 470
680 471
680 472
680 473
680 474
680 475
680 476
680 477
680 478
680 479
680 480
680 481
680 482
680 483
680 484
680 485
680 486
680 487
680 489
682 470
682 504
682 505
682 519
682 520
682 521
682 522
682 523
682 524
682 525
682 526
682 527
682 528
682 529
682 530
682 531
682 532
682 533
682 534
682 535
682 536
682 537
682 538
682 539
682 576
684 485
684 486
684 487
684 488
684 489
684 490
684 491
684 492
684 493
684 494
684 495
684 496
684 567
684 571
684 572
684 573
684 574
684 575
684 576
684 577
684 578
684 579
684 580
684 581
684 582
684 583
684 584
688 501
688 502
688 503
688 504
688 505
688 506
688 507
688 508
688 509
688 510
688 511
688 512
688 513
688 514
688 515
688 516
688 517
688 518
688 519
688 520
690 450
690 452
690 453
690 454
690 455
691 458
691 459
691 460
691 461
691 468
691 495
691 496
691 497
691 498
691 499
691 500
691 501
691 502
691 503
691 504
691 506
692 495
692 496
692 497
692 498
692 499
692 500
692 544
693 484
693 485
693 545
693 546
693 551
693 552
693 553
693 554
693 555
693 562
693 566
693 567
693 568
693 573
694 502
694 580
694 581
694 582
694 583
694 584
694 585
694 586
694 587
694 588
694 589
694 590
694 591
698 513
698 515
698 516
700 505
700 506
701 522
701 523
701 524
701 525
702 471
702 472
702 524
702 525
702 526
702 527
702 528
702 529
702 530
702 531
702 532
702 533
702 534
702 535
702 536
703 547
703 548
703 549
703 550
703 551
703 552
703 553
703 554
703 555
703 556
703 557
703 558
703 559
703 560
703 561
703 562
703 563
703 564
703 565
703 566
703 567
704 451
704 452
704 453
704 454
704 455
704 456
704 457
704 458
704 459
704 460
704 461
704 462
704 463
704 466
704 467
704 468
704 469
704 470
704 471
705 555
705 557
705 558
705 559
705 563
705 564
705 565
705 566
706 554
706 624
707 408
707 409
707 410
707 411
707 412
707 413
707 414
707 415
707 416
707 417
707 419
707 514
707 515
707 518
707 519
707 520
707 521
709 440
709 503
709 504
709 505
709 506
709 507
709 508
710 411
710 412
710 413
710 453
710 454
710 455
710 456
710 457
710 458
710 459
710 460
711 527
715 560
716 331
716 332
716 333
716 334
717 500
717 501
717 502
717 503
717 504
717 505
717 506
717 507
717 508
717 509
717 510
717 511
717 512
717 513
717 514
717 526
717 528
717 529
717 530
717 531
717 532
717 533
717 534
717 535
717 536
717 537
717 538
717 539
717 540
717 541
718 592
718 593
718 594
718 595
718 596
718 597
718 598
718 599
718 600
718 601
718 602
718 603
718 604
719 492
719 493
719 494
719 495
719 496
719 497
719 498
719 499
719 500
719 501
719 502
719 503
719 504
719 505
721 552
721 558
721 559
721 560
721 561
724 509
724 510
724 511
724 512
724 513
724 514
724 515
724 516
724 517
724 518
724 519
724 520
724 521
724 522
724 523
724 524
724 525
724 526
724 527
724 528
724 529
724 542
724 543
724 545
724 547
724 548
727 407
727 408
727 409
727 410
727 411
727 412
727 413
727 414
727 415
727 416
727 417
727 418
727 419
727 420
727 421
727 422
727 423
727 424
727 425
727 426
727 427
727 428
727 429
727 430
727 431
727 432
727 433
727 434
727 435
727 436
727 437
727 438
727 439
727 440
727 446
727 450
727 451
727 453
727 455
727 456
727 457
730 438
730 439
730 440
730 441
730 442
730 443
730 444
730 445
730 446
730 447
730 448
730 449
730 450
730 451
730 452
730 453
730 454
730 455
731 551
731 553
731 554
731 557
731 559
731 567
731 568
731 569
731 570
731 571
731 572
731 573
731 574
731 575
731 576
731 578
732 509
732 510
732 511
732 512
732 513
732 514
732 515
732 516
732 517
732 518
732 519
732 520
732 521
732 522
732 533
732 534
732 535
732 536
732 544
732 551
732 552
732 553
732 554
732 555
734 554
734 555
734 556
734 557
734 558
734 559
735 396
735 402
735 403
736 550
736 551
736 552
737 457
737 458
737 459
737 460
737 487
737 488
737 489
737 490
737 491
737 492
737 493
737 494
737 495
737 496
737 497
737 498
737 499
737 500
737 501
738 513
739 469
739 477
739 478
739 479
739 480
739 483
739 484
739 485
739 486
740 470
740 471
740 472
740 473
740 474
740 475
740 476
740 477
740 478
740 479
740 480
740 481
740 482
740 483
740 484
740 485
740 486
740 487
740 488
740 489
741 496
741 497
741 498
741 499
741 502
741 503
742 491
742 492
742 493
742 494
742 495
742 505
742 506
742 507
742 508
742 509
742 510
742 511
742 512
742 513
742 514
742 515
742 516
742 517
742 518
742 519
743 545
743 546
743 547
744 432
744 433
744 434
744 435
744 437
744 438
744 439
744 440
744 441
744 442
744 443
744 444
744 445
744 446
744 447
744 448
744 449
744 450
745 422
745 423
745 426
745 427
745 513
745 514
745 515
745 516
745 517
745 518
745 519
745 520
745 521
745 522
745 523
745 524
745 525
745 526
745 527
745 577
745 578
745 579
745 580
745 581
747 470
747 475
747 500
747 501
747 502
747 503
747 504
747 505
747 514
747 515
747 516
747 517
747 518
747 519
747 520
747 521
747 522
747 523
747 524
747 525
747 526
747 527
747 528
747 529
747 530
747 531
747 532
747 533
747 534
747 535
747 536
747 537
747 538
747 539
747 540
747 541
747 542
747 561
747 562
747 563
747 564
747 565
747 566
748 404
748 405
748 406
748 407
748 408
748 409
748 410
748 411
748 412
748 413
748 414
748 415
748 416
748 417
748 418
748 419
748 420
748 421
748 422
748 423
748 424
748 489
748 490
750 442
750 443
750 445
750 446
750 447
750 448
750 449
750 457
750 458
750 459
750 460
750 461
750 462
750 463
750 464
750 465
750 466
750 467
750 468
750 469
750 470
750 471
750 472
750 473
750 474
750 475
750 476
750 477
750 478
750 479
750 480
751 367
751 368
751 369
751 370
751 371
751 372
751 462
751 463
751 464
751 515
751 518
751 531
751 532
751 533
751 534
751 535
751 536
751 537
751 538
751 539
751 540
751 541
751 542
751 543
751 544
751 546
752 493
752 494
752 495
752 496
752 497
752 548
752 549
752 550
752 552
752 553
752 554
752 555
752 556
752 557
752 558
752 559
752 560
752 561
752 562
753 519
753 520
753 521
753 522
753 523
753 524
753 539
753 540
753 541
753 545
753 546
753 547
753 556
753 557
754 465
754 467
754 468
754 469
754 470
754 471
754 472
754 473
754 474
754 475
754 476
754 477
756 499
756 500
756 501
756 502
756 503
756 504
756 505
756 506
756 507
756 508
756 509
756 510
756 511
756 512
756 513
756 514
756 515
756 516
756 517
757 465
757 466
757 525
757 526
757 527
757 528
757 529
757 530
757 531
757 532
757 533
760 501
760 502
760 503
760 504
760 505
760 506
760 507
760 508
760 509
760 510
760 511
760 512
760 513
760 514
760 527
760 528
760 529
760 531
760 532
761 478
761 479
761 480
761 481
761 482
761 483
761 484
761 485
761 486
761 492
761 493
761 494
761 495
761 496
761 497
761 498
761 499
761 500
761 501
761 502
761 503
761 504
761 505
761 506
761 507
761 508
761 509
761 510
761 511
761 512
761 513
762 551
762 552
762 553
762 554
762 555
762 556
762 557
762 558
762 559
762 560
762 561
763 531
763 532
763 533
763 534
765 486
765 487
765 488
766 482
766 483
766 484
766 485
766 486
766 487
766 488
766 489
766 490
768 511
768 512
768 513
768 514
768 515
768 516
768 517
768 518
768 519
768 520
768 521
768 522
768 523
768 524
769 372
769 373
769 493
772 504
772 520
772 521
772 522
772 523
772 525
772 535
772 536
772 537
772 538
772 539
772 540
772 541
772 542
772 543
772 544
772 545
772 546
772 547
772 548
772 549
772 550
772 551
772 552
772 553
773 482
773 483
773 484
773 485
773 486
773 487
773 489
775 479
775 480
778 429
778 430
778 431
778 432
778 433
778 434
778 471
778 472
778 473
778 474
779 436
779 437
779 438
779 439
780 518
780 519
780 520
780 521
780 522
781 415
782 433
782 434
782 435
782 436
782 437
782 438
782 439
782 440
782 441
782 442
782 443
782 444
782 445
782 446
782 447
782 486
782 487
782 488
782 489
782 490
782 491
782 492
782 493
782 494
782 495
782 496
782 497
782 498
782 499
782 515
782 516
782 517
782 518
782 519
782 520
782 521
783 349
783 351
783 352
783 353
783 354
783 369
783 370
783 371
783 372
783 373
783 374
783 375
783 376
783 377
783 378
783 379
783 380
783 381
783 382
783 388
783 389
783 390
783 391
783 563
783 564
783 565
784 566
784 567
784 568
784 569
784 570
784 571
784 572
784 573
784 574
784 575
784 576
784 577
784 578
784 579
784 580
784 581
784 582
784 583
784 584
784 585
785 514
785 516
785 517
785 518
785 531
785 532
785 533
785 534
785 535
785 536
786 476
786 477
786 478
786 479
786 480
786 481
786 482
786 483
786 484
786 485
786 486
786 487
786 488
786 489
786 491
786 492
786 493
786 494
786 495
786 496
787 464
787 465
787 466
787 467
787 468
787 469
787 470
787 471
787 472
787 473
787 474
787 475
790 438
790 439
790 440
790 470
790 517
790 518
790 519
790 520
790 521
790 522
790 523
792 500
792 501
792 511
792 512
792 564
792 565
792 566
792 567
792 568
792 569
792 571
792 572
792 573
792 574
792 575
792 615
792 617
792 618
792 619
792 620
792 621
793 576
793 577
793 579
793 580
793 581
793 582
793 583
793 584
793 585
793 586
793 587
793 588
793 589
793 590
793 591
793 592
794 561
794 563
794 573
794 574
794 575
794 576
794 577
794 578
794 579
794 580
795 528
795 529
795 530
795 531
795 532
795 539
795 540
795 541
796 563
796 564
796 565
796 566
796 568
796 569
796 570
796 571
798 498
798 499
798 500
798 501
798 502
798 503
798 504
798 505
798 506
798 507
798 508
798 509
798 510
798 511
798 512
798 538
798 539
798 540
798 541
798 542
798 543
798 544
798 546
798 547
798 548
798 549
798 550
798 551
798 594
798 595
798 596
798 597
798 598
798 600
798 601
798 602
798 603
798 604
798 605
798 606
798 607
799 478
799 479
799 480
799 483
799 484
799 485
799 486
799 487
799 488
799 489
799 490
799 491
799 492
800 429
800 430
800 431
800 432
800 433
800 434
800 435
800 436
800 437
800 438
800 473
800 545
800 562
800 563
800 564
800 565
800 566
800 567
800 568
801 417
801 418
801 419
801 420
801 421
801 422
801 423
801 424
802 512
802 513
804 485
804 486
804 531
804 535
804 537
804 538
804 539
804 540
805 527
805 528
805 530
808 453
808 454
808 455
808 456
808 457
808 458
808 459
808 460
808 461
808 462
808 463
808 464
808 465
810 469
810 470
810 471
810 472
810 473
810 474
810 475
810 476
810 477
810 478
810 479
810 480
810 481
811 508
811 512
811 513
811 514
811 515
811 516
811 517
811 601
811 602
811 603
811 604
811 605
811 606
811 607
811 608
811 609
811 610
811 611
811 612
811 613
811 614
811 615
814 466
814 467
814 490
814 507
814 508
814 509
814 510
814 511
814 512
814 513
814 514
814 515
814 516
814 517
814 518
814 519
814 520
814 521
814 522
814 523
814 524
814 525
815 434
815 435
815 436
815 437
815 438
815 439
815 440
815 441
815 442
815 443
815 444
815 445
815 446
816 501
817 466
817 467
817 468
817 603
817 604
817 605
819 490
819 538
819 539
821 401
821 402
821 403
821 404
821 405
821 406
821 407
821 408
821 409
821 410
821 411
821 412
821 413
821 414
822 481
822 482
822 483
822 484
822 485
822 489
822 523
822 549
822 550
822 551
822 552
822 553
822 554
822 555
822 556
823 490
823 491
823 492
823 493
823 494
823 495
823 496
823 497
823 498
823 499
823 500
823 501
823 502
823 503
823 504
824 473
824 479
824 480
824 481
825 347
825 348
825 349
825 350
825 351
825 352
825 354
825 355
825 356
825 357
825 387
825 388
825 389
825 390
825 391
825 392
825 393
825 394
825 395
825 396
825 397
825 398
825 399
826 344
826 457
826 458
826 460
826 464
826 465
826 467
827 543
827 544
827 545
827 546
827 547
827 548
827 549
827 550
827 551
827 552
827 553
827 554
827 555
827 556
827 557
827 558
827 559
827 560
827 561
827 562
828 457
828 458
828 459
828 460
828 461
828 462
828 463
828 464
828 465
828 466
828 467
828 468
828 469
828 531
828 532
828 533
828 534
828 535
828 536
828 537
828 538
828 539
828 541
828 542
829 495
829 498
829 499
829 500
829 505
829 507
829 514
829 515
829 593
829 594
829 595
829 596
829 597
829 598
829 599
829 600
829 601
829 602
830 412
830 415
830 416
830 417
830 418
830 419
830 420
830 421
830 422
830 423
830 424
830 425
830 426
830 427
830 428
830 429
830 430
830 431
830 432
830 433
830 434
830 435
830 436
830 437
830 438
830 439
831 477
831 478
831 479
831 480
831 481
831 482
831 485
831 486
831 487
831 488
831 489
831 490
832 506
832 507
832 508
832 527
832 528
832 529
832 530
832 531
832 588
832 589
832 590
832 591
832 592
832 593
832 594
832 595
832 596
832 597
832 598
833 417
833 508
834 477
834 482
834 486
834 487
834 488
834 489
834 490
834 491
834 492
834 493
834 494
834 495
834 496
834 497
834 498
834 499
834 500
834 501
834 502
834 503
834 504
834 505
834 506
834 507
834 508
834 509
834 510
834 511
834 512
834 513
834 514
834 515
834 516
834 517
834 518
834 519
834 520
834 521
834 522
834 523
835 471
835 472
835 473
835 474
835 475
835 476
835 477
835 478
835 479
835 480
835 481
835 482
835 483
836 440
836 442
836 468
836 469
836 470
836 471
838 498
838 504
838 505
838 507
838 508
838 509
838 510
838 511
838 512
838 513
838 514
838 515
838 516
838 517
838 518
838 519
838 520
838 521
838 522
838 523
838 524
838 525
838 526
838 527
838 529
838 530
838 531
838 532
838 533
838 534
838 535
838 536
838 537
838 538
838 539
838 540
838 541
838 542
838 543
838 544
838 545
840 510
840 511
840 516
840 517
840 518
840 519
840 520
840 521
840 522
840 523
844 443
844 444
844 445
844 483
844 484
844 485
844 486
844 487
844 488
844 492
844 494
844 495
844 502
844 589
844 590
844 591
844 592
844 593
844 594
844 595
844 596
844 597
844 598
844 599
844 600
844 601
845 390
846 511
846 513
846 514
846 515
846 516
846 517
846 530
846 531
846 532
846 533
846 534
846 535
846 536
846 537
846 538
846 539
846 540
846 541
846 542
847 497
847 498
847 502
847 503
847 504
850 554
850 555
850 556
851 494
851 495
851 496
851 497
851 498
851 499
851 500
851 501
851 502
851 503
851 504
851 505
851 506
851 507
851 508
851 509
852 372
852 373
852 374
852 375
852 376
852 377
852 378
852 379
852 380
852 381
852 382
852 391
852 423
852 424
852 425
852 426
852 427
852 428
852 429
852 430
852 464
852 465
852 466
852 467
852 468
852 469
852 470
852 471
852 472
852 473
852 474
852 475
852 476
852 477
854 469
854 470
854 471
854 472
854 473
854 474
854 475
854 476
854 477
854 478
854 479
854 480
854 481
854 482
854 483
854 484
854 485
854 486
854 487
854 488
854 489
854 491
854 492
854 502
854 503
854 504
854 505
854 506
854 507
855 427
855 428
855 429
855 430
855 431
855 432
855 433
855 434
855 436
855 437
855 439
855 525
855 526
855 527
856 477
856 478
856 479
856 480
856 481
856 482
856 483
856 484
856 485
856 486
856 487
856 499
856 500
856 501
856 502
856 503
856 504
856 505
856 506
856 507
856 508
856 509
856 510
856 511
856 512
857 440
857 442
857 443
857 444
857 445
857 446
857 447
857 448
857 449
857 450
857 451
857 452
857 453
857 482
857 483
857 515
857 517
857 518
857 519
857 520
857 521
857 522
857 523
857 524
857 525
857 526
857 527
857 528
857 529
857 530
857 531
857 532
857 533
857 534
858 550
858 551
858 552
858 553
858 554
858 555
858 556
858 557
858 558
858 559
858 562
858 572
858 573
858 574
858 575
859 462
859 484
859 485
859 486
859 487
859 488
859 489
860 345
860 346
860 347
860 348
860 349
860 350
860 351
860 352
860 353
860 354
860 355
860 356
860 357
860 358
860 359
860 500
860 501
860 503
860 504
861 509
861 510
861 511
861 512
861 514
862 455
862 456
862 457
862 458
862 459
862 460
862 461
862 462
862 463
862 464
862 465
862 466
862 467
862 468
862 469
862 470
862 471
862 472
862 473
862 474
862 475
862 519
862 520
863 495
863 496
863 497
865 427
865 428
865 429
865 524
865 525
865 526
865 527
865 528
865 529
865 530
865 531
866 597
867 494
867 495
867 496
867 497
867 498
867 499
867 500
867 501
867 502
867 503
867 504
867 505
867 506
867 507
868 495
868 496
868 497
868 498
868 499
868 500
868 501
868 502
868 503
868 504
868 505
868 506
868 507
868 508
868 509
868 510
868 511
868 512
868 513
868 514
868 515
868 516
868 517
868 518
869 406
869 407
869 408
870 534
870 535
870 536
871 468
871 470
871 471
871 472
871 473
871 474
871 475
871 476
871 477
871 478
871 479
871 480
871 491
871 492
871 493
871 494
871 495
871 496
871 497
871 498
871 499
871 500
871 501
871 502
871 503
871 504
871 520
871 523
871 524
871 525
871 526
871 531
871 532
871 534
871 563
871 564
871 565
871 566
871 568
871 573
871 574
871 575
872 357
872 358
872 359
872 383
872 384
872 385
872 386
873 443
873 444
873 445
873 446
873 447
873 448
873 449
873 450
873 451
873 452
873 453
873 454
873 455
873 456
873 457
873 458
873 459
873 460
873 461
873 462
873 463
873 464
873 465
873 466
873 467
873 468
873 469
873 470
873 471
873 472
873 473
873 474
873 475
873 476
873 477
873 478
873 479
873 480
873 481
874 471
874 472
874 473
874 474
875 456
875 457
875 458
875 459
875 460
875 461
877 764
877 765
877 766
877 767
877 768
877 769
877 770
877 771
877 772
877 773
877 774
877 775
878 382
878 383
878 384
878 389
878 390
878 391
878 392
878 502
879 627
879 628
879 629
879 630
879 631
879 632
879 633
879 634
879 635
879 636
879 637
879 638
879 639
879 640
879 641
879 642
879 643
879 644
879 645
879 646
879 647
880 469
880 470
880 471
880 472
880 473
880 474
880 475
880 476
880 477
880 478
880 479
880 480
880 481
880 482
880 483
880 484
880 485
880 486
880 487
880 488
880 489
880 490
881 528
881 530
881 531
881 532
881 533
881 557
881 558
881 559
882 488
882 489
882 490
882 491
882 492
882 493
882 494
882 495
882 496
882 497
882 498
882 499
882 500
882 501
882 502
882 503
882 504
882 505
882 506
882 507
882 508
882 509
882 510
882 511
882 512
882 513
882 514
882 515
882 516
882 517
882 518
882 519
882 520
883 463
883 464
883 465
883 466
883 467
883 468
883 469
883 470
883 471
883 472
883 473
883 474
883 475
883 476
883 477
883 478
883 479
883 480
883 481
883 482
883 484
883 485
883 486
883 487
883 511
884 511
884 512
884 513
884 514
884 515
884 516
884 517
884 518
884 519
884 520
884 521
884 522
884 528
884 529
884 530
884 531
884 532
884 533
884 534
884 535
884 536
884 537
884 538
884 539
884 540
884 541
884 542
884 543
884 544
884 545
884 546
884 547
886 520
886 521
886 529
886 530
886 531
886 532
886 533
886 534
886 535
886 536
886 537
886 538
886 539
886 540
886 541
886 542
886 543
886 544
886 545
886 546
886 547
886 548
888 437
888 438
888 439
888 440
888 441
888 442
888 443
888 444
888 445
888 446
888 447
888 448
888 449
888 450
888 451
888 452
888 453
888 455
891 426
891 427
891 428
891 429
891 430
891 431
891 432
891 433
891 434
891 435
891 436
891 437
891 438
891 439
891 440
891 441
891 442
891 443
892 458
892 459
892 460
892 461
892 477
892 478
892 479
892 480
892 481
892 482
892 483
892 484
892 485
892 486
892 487
892 488
892 489
892 490
892 491
892 492
892 493
892 494
892 495
892 496
892 497
892 498
892 539
893 411
893 412
894 516
894 517
894 518
895 499
895 500
895 501
895 502
895 503
895 529
896 381
897 430
897 431
897 432
897 433
897 434
897 435
897 436
897 437
897 438
897 439
897 440
897 441
897 442
897 443
897 444
897 445
897 446
897 447
897 448
897 449
897 450
897 451
897 481
898 482
898 483
898 484
898 485
898 486
898 487
898 488
898 489
898 490
898 491
898 492
898 493
898 494
898 495
898 496
898 497
898 498
898 499
898 500
898 501
898 502
898 506
900 496
900 497
900 498
900 499
900 500
900 501
900 502
900 503
900 504
900 505
901 524
901 525
901 526
901 527
902 431
902 432
902 433
902 434
902 435
902 436
902 437
902 438
902 439
902 440
902 441
902 442
902 443
902 444
902 445
902 446
902 447
902 448
902 449
904 509
904 510
904 511
904 512
904 513
904 514
904 515
904 516
904 517
904 518
904 519
904 520
904 521
904 522
904 523
904 524
904 525
904 526
904 527
904 528
904 529
904 530
904 602
904 604
905 500
905 512
905 513
905 514
905 515
905 516
905 517
905 518
905 519
905 520
905 521
905 522
905 523
905 524
905 525
905 526
905 527
905 528
905 529
905 530
905 531
905 532
907 487
907 488
907 489
907 494
907 495
907 496
907 497
907 498
908 498
908 499
908 500
908 501
908 502
908 503
908 504
908 505
908 526
908 527
909 544
909 545
909 546
909 547
909 548
909 549
909 550
909 551
909 552
909 553
909 554
909 555
909 556
909 557
909 558
909 559
909 560
909 561
909 562
909 563
909 564
912 523
914 435
914 461
914 510
914 511
914 512
914 513
914 514
914 515
915 573
915 574
915 575
915 576
915 577
915 578
915 579
916 487
916 488
916 489
916 490
916 491
916 492
916 493
916 494
916 495
916 496
916 497
916 498
916 499
916 500
916 501
916 506
916 555
916 556
916 557
917 444
917 445
917 446
917 447
917 449
918 388
918 395
918 396
918 397
918 398
918 399
918 401
918 402
918 440
919 534
919 535
919 541
919 542
919 543
919 544
919 545
919 546
919 547
919 548
919 549
919 550
919 551
919 552
919 553
919 554
919 555
919 556
919 557
919 558
919 559
919 560
919 561
919 568
919 569
919 570
919 571
919 572
919 573
919 574
919 575
922 571
922 573
922 574
926 419
926 420
927 592
927 593
927 594
927 595
927 596
927 597
927 598
927 601
928 486
928 487
928 488
929 500
929 501
929 502
929 503
929 504
929 505
929 506
929 507
929 508
929 509
929 510
929 511
929 512
929 513
929 514
929 515
929 516
929 517
929 518
929 519
929 520
929 521
929 536
929 537
929 538
929 539
929 540
929 541
929 542
929 543
929 544
929 545
929 546
929 547
929 548
930 584
930 585
930 586
931 488
931 489
931 490
931 491
931 492
931 493
931 494
931 495
931 496
931 497
931 498
931 499
931 500
931 501
931 502
931 503
931 504
931 505
931 506
931 507
931 508
931 509
931 510
931 622
931 623
933 331
933 332
935 502
935 503
935 504
935 506
935 507
935 508
936 499
936 500
936 502
936 503
936 504
936 509
937 492
937 493
937 494
937 495
937 496
937 497
937 498
937 499
937 500
937 501
937 502
937 503
937 504
938 390
938 391
938 392
938 399
939 480
939 481
939 482
939 484
939 485
939 486
939 487
939 488
939 504
941 458
941 459
941 460
941 471
941 472
941 473
941 474
941 475
941 476
941 477
941 478
941 479
941 480
941 481
941 482
941 483
941 484
941 485
941 486
941 487
941 488
941 489
941 490
941 491
941 492
941 496
941 497
942 442
942 443
942 449
942 451
942 452
943 560
943 561
943 562
943 563
943 564
943 565
943 566
943 567
943 568
943 569
943 570
943 571
943 572
943 573
943 575
943 621
943 622
943 623
943 624
943 625
943 626
943 627
943 645
943 646
943 647
943 648
943 649
943 650
943 651
943 652
943 653
943 654
943 655
943 656
943 657
943 658
943 659
943 660
943 661
943 695
943 696
943 697
944 535
945 350
945 351
945 352
945 353
945 354
945 355
945 356
945 357
945 358
945 359
945 360
945 361
945 362
946 514
946 529
948 409
949 455
949 459
949 490
950 384
950 385
950 495
950 496
950 497
950 498
950 505
951 493
952 505
952 506
952 507
952 508
952 509
952 532
952 533
952 534
952 535
952 536
952 537
952 538
953 528
953 529
953 530
953 531
953 532
953 533
953 534
953 535
953 536
953 537
953 538
953 539
953 540
953 541
953 542
953 543
953 544
953 545
953 547
953 549
953 550
953 551
953 556
953 557
953 558
954 452
954 453
956 438
956 439
956 440
956 441
956 442
956 443
956 444
956 445
956 446
956 447
956 448
956 449
956 490
956 491
956 492
956 493
956 494
956 495
956 496
956 497
956 498
956 499
956 500
956 501
956 502
956 540
956 541
956 542
957 501
957 502
957 504
957 505
957 506
957 507
957 508
957 509
957 512
958 515
959 397
960 464
960 568
960 595
960 596
960 597
960 598
960 599
960 600
960 601
960 602
960 603
962 478
962 507
962 508
962 509
962 510
962 511
962 512
962 514
962 526
962 530
962 531
962 532
962 533
962 534
962 535
962 536
962 537
964 527
969 385
969 386
969 387
969 388
969 389
969 390
969 391
969 392
969 393
969 394
969 395
969 396
969 397
969 398
969 399
969 400
969 401
969 402
970 480
970 481
970 482
970 486
970 487
970 488
970 489
970 490
970 491
970 492
970 493
971 362
971 363
971 365
971 366
971 367
971 368
971 369
971 370
971 371
971 372
971 373
971 374
971 375
971 376
971 377
971 378
973 371
973 373
973 374
973 375
973 376
973 377
973 378
973 379
973 380
973 381
973 382
974 492
975 495
975 496
975 497
975 499
975 500
975 501
977 418
977 419
977 420
977 421
977 422
977 423
977 427
977 428
977 460
977 461
977 462
977 463
977 510
977 511
978 452
978 453
978 454
978 455
978 456
978 457
978 458
978 462
978 463
978 464
979 459
979 460
979 463
979 464
979 494
979 495
979 496
979 497
979 498
979 499
979 500
979 501
980 460
980 461
980 462
980 463
980 464
980 508
980 517
980 518
980 519
980 520
980 521
980 522
980 523
980 524
980 525
980 526
980 527
980 528
980 529
980 530
980 531
980 532
980 533
980 534
980 535
980 536
980 537
982 406
982 408
982 409
986 493
986 494
986 495
986 496
986 497
986 498
986 499
986 500
986 501
986 502
986 503
986 504
986 505
986 506
986 507
986 508
986 509
986 510
986 511
986 512
986 513
986 517
986 518
986 519
986 520
986 521
986 522
986 523
986 524
986 525
986 526
986 527
987 485
987 486
987 487
987 488
987 489
987 490
987 491
988 515
988 516
988 517
988 518
988 519
988 520
988 521
988 522
988 523
988 524
988 525
988 526
988 527
988 528
988 529
988 530
988 531
988 532
988 533
988 534
988 535
988 536
988 537
988 538
988 539
988 540
988 541
988 547
988 548
988 549
988 550
988 551
988 552
988 553
988 554
988 555
989 441
989 446
989 447
989 449
990 434
990 435
990 436
990 437
990 438
990 439
990 440
990 441
990 442
990 443
990 444
990 445
990 446
990 447
990 448
990 449
990 450
990 451
990 512
990 513
990 514
990 515
990 516
990 517
990 518
990 519
990 520
990 521
990 522
990 523
990 524
990 525
990 526
990 527
990 528
990 529
990 530
990 531
990 533
990 534
990 535
990 536
990 537
990 538
990 539
991 474
991 501
991 502
992 513
992 514
992 515
992 516
992 517
992 518
992 519
992 520
992 521
992 522
992 523
992 524
992 525
994 512
996 408
996 409
996 410
996 411
996 412
996 413
996 414
996 415
996 416
996 417
996 418
996 419
996 420
997 515
997 516
997 517
997 518
997 519
998 553
998 554
998 555
998 556
998 560
999 485
999 486
999 487
1000 482
1000 483
1000 484
1000 485
1000 486
1000 487
1000 488
1000 489
1000 490
1000 491
1000 492
1000 493
1000 494
