seq_id pos_id
1 470
1 471
1 472
1 473
1 474
1 475
1 476
1 477
1 478
1 479
1 659
1 660
1 661
1 662
1 663
1 664
1 665
1 666
1 667
1 668
1 669
1 670
5 423
5 447
6 438
6 513
6 514
7 447
7 449
7 492
7 493
7 494
7 495
7 496
7 497
7 498
7 499
7 500
7 501
7 502
7 503
8 396
8 406
8 407
8 408
8 409
8 412
8 413
8 414
8 415
8 416
8 417
8 583
8 584
8 585
9 476
9 477
9 478
9 479
9 480
9 481
9 482
9 483
9 484
11 455
11 457
11 458
11 459
11 460
11 461
11 462
11 532
11 539
12 404
12 405
12 406
12 407
12 408
12 409
12 410
12 411
12 412
12 432
12 436
12 437
12 438
12 439
12 440
12 609
12 610
12 611
12 612
13 443
13 444
13 445
13 446
13 447
13 448
13 451
13 453
13 454
13 455
14 413
15 436
15 437
15 454
15 455
15 456
15 457
15 458
15 459
15 460
15 470
15 473
15 474
15 475
15 608
16 551
16 552
16 557
16 651
17 507
17 556
17 557
17 558
17 559
17 560
17 561
17 562
17 563
17 564
17 565
17 566
17 567
17 568
17 625
17 626
17 627
17 628
17 629
17 630
17 631
17 632
17 633
17 634
17 635
17 636
18 577
18 578
18 579
18 580
18 581
18 582
18 583
18 584
18 585
18 586
18 587
18 588
19 462
19 463
19 464
19 518
19 519
19 520
19 521
19 522
19 523
19 524
19 525
19 527
19 543
19 544
19 545
19 546
19 547
19 548
19 549
19 550
19 551
19 552
19 553
19 554
19 555
19 556
19 557
19 575
21 480
21 481
21 482
22 492
22 493
22 494
22 495
22 496
22 497
22 498
22 499
22 500
22 501
22 502
22 503
22 504
22 505
22 506
22 507
22 508
22 509
22 510
24 487
24 488
26 439
26 441
27 498
27 499
27 500
27 501
27 541
27 542
27 543
27 544
27 545
27 546
27 547
27 551
28 408
28 412
28 413
28 414
28 415
28 416
28 417
28 418
28 419
28 420
28 583
28 584
28 585
29 391
29 423
29 424
29 425
29 426
29 427
29 428
29 429
29 430
29 431
29 432
29 449
29 450
29 451
29 452
29 453
29 454
29 502
29 503
29 504
29 505
29 506
29 588
29 594
29 595
29 596
29 597
29 598
30 417
30 418
30 419
30 420
30 421
30 422
30 423
30 528
30 529
30 530
30 531
30 532
30 533
30 536
30 537
30 538
30 539
30 540
30 541
31 463
31 502
31 507
31 538
31 539
31 540
31 542
31 625
33 576
33 577
33 578
33 579
33 580
33 583
33 616
34 449
34 450
34 451
34 452
34 453
34 454
34 455
34 456
35 556
35 557
35 558
35 559
36 454
36 455
36 456
36 475
36 476
36 477
36 478
36 479
36 480
36 481
38 408
38 409
38 410
38 411
38 484
38 485
38 486
38 487
38 488
38 489
38 490
38 491
38 492
38 493
38 494
38 495
42 441
42 452
42 453
42 454
42 455
43 468
43 488
43 489
43 490
43 491
43 511
43 512
43 513
43 547
43 549
43 550
43 551
43 552
43 553
43 554
43 555
43 556
43 557
43 576
43 580
43 581
43 582
43 583
43 584
43 585
43 601
43 606
43 607
45 450
45 451
45 452
45 454
45 493
45 494
45 495
45 496
45 497
45 501
45 515
45 516
45 517
45 518
46 468
46 469
46 470
46 513
46 514
46 515
47 373
47 374
47 375
47 376
47 377
47 378
47 379
47 380
47 381
47 382
47 383
47 384
47 454
47 455
47 456
47 528
47 529
47 577
47 578
47 580
47 581
47 582
47 584
47 586
47 588
47 589
47 590
47 595
49 402
49 403
49 404
49 487
49 488
49 489
49 490
49 491
49 492
49 493
49 494
49 495
49 496
49 497
49 506
49 507
49 508
50 456
50 457
50 458
50 460
51 603
51 604
51 605
51 606
51 607
52 455
52 456
52 457
52 459
52 464
52 573
52 574
52 575
52 576
52 577
52 578
52 579
52 580
53 472
53 473
53 474
53 475
53 476
53 477
53 478
53 479
53 480
53 481
53 482
53 553
54 391
54 392
54 393
54 394
54 395
54 396
54 397
54 398
54 399
54 400
54 401
54 402
54 403
54 464
54 466
54 467
54 500
54 501
54 502
54 503
54 504
54 505
54 506
54 507
54 508
54 547
54 575
54 576
54 577
54 578
54 579
54 580
54 581
54 582
54 583
54 584
54 585
54 586
54 587
55 505
55 506
55 512
56 532
56 533
56 534
56 535
57 549
59 436
59 437
59 438
59 439
59 440
59 456
59 457
59 603
59 604
60 430
60 515
60 517
60 535
60 536
60 537
60 538
60 539
60 540
60 541
60 543
60 583
61 433
61 434
61 435
61 437
61 438
61 439
61 440
61 441
63 396
63 397
63 398
63 399
64 536
64 541
65 520
65 521
65 522
66 483
66 484
66 485
66 486
66 488
66 489
66 490
66 491
66 492
68 596
68 599
68 600
68 601
68 602
68 603
68 604
69 451
69 452
69 453
69 454
69 455
69 531
69 536
70 407
70 490
70 495
70 496
70 497
70 498
70 499
70 533
70 535
70 536
71 505
71 506
71 507
73 405
73 406
73 407
73 408
73 472
73 602
73 603
73 604
73 605
73 606
73 607
73 608
73 609
73 610
73 611
73 612
73 613
73 614
74 434
74 435
74 436
74 437
74 438
74 439
74 440
74 441
74 492
74 493
74 494
74 594
74 595
74 596
74 597
74 598
74 599
74 600
74 601
74 602
74 603
74 604
74 605
74 606
76 575
76 576
76 577
76 578
76 579
76 580
76 581
76 582
76 583
76 584
76 585
76 586
77 450
77 451
77 461
77 462
77 466
78 488
78 489
78 490
78 491
78 538
79 430
79 432
79 433
79 434
79 435
79 436
79 437
80 483
80 484
80 485
80 486
80 487
80 488
80 489
80 490
80 491
80 492
80 493
80 494
80 495
80 496
80 497
81 483
81 484
81 485
81 486
81 487
81 488
81 489
81 490
81 491
81 492
81 493
81 494
81 495
81 496
82 325
82 332
82 333
82 334
82 342
82 343
82 404
82 408
82 409
82 410
82 516
82 517
82 518
82 519
82 520
82 521
82 522
82 523
82 524
82 525
82 526
83 447
83 448
83 449
83 499
84 472
84 473
84 474
84 475
84 553
84 554
85 427
85 429
85 430
85 431
86 527
86 528
86 529
86 530
86 531
86 532
86 533
86 534
87 597
87 672
88 336
88 337
88 338
88 339
88 340
88 341
88 342
88 343
88 344
88 345
88 484
88 485
88 486
88 494
88 524
88 589
88 590
88 591
88 592
88 593
88 594
88 595
88 596
88 597
88 598
88 599
88 600
89 448
89 449
89 450
89 451
89 467
89 469
89 470
89 471
89 475
89 476
89 477
89 478
89 479
89 480
89 481
89 482
89 483
89 484
89 485
89 486
89 487
89 488
89 489
89 490
90 414
90 415
90 416
90 417
90 418
90 419
90 420
90 421
90 422
90 423
90 424
90 425
90 527
90 528
90 529
90 530
90 531
90 534
90 535
90 536
90 554
90 555
90 556
90 557
90 558
90 559
90 560
90 561
90 562
90 563
90 564
90 565
90 568
90 572
90 685
90 686
90 867
90 868
90 869
90 870
91 398
91 399
91 400
91 401
91 402
91 403
91 408
91 527
91 528
91 529
91 530
92 464
92 465
92 466
92 467
92 468
92 469
92 470
92 471
92 472
92 473
92 474
92 475
92 476
92 500
92 596
92 612
92 613
92 614
93 330
93 375
93 376
93 377
93 378
93 379
93 380
93 381
93 382
93 383
93 384
93 385
93 386
93 412
93 413
93 414
93 415
93 416
93 417
93 418
93 419
93 420
93 514
94 410
94 412
94 413
94 414
94 415
94 416
94 493
94 494
94 495
94 496
94 497
94 498
94 499
94 500
94 501
94 502
94 503
94 526
94 527
94 528
94 529
94 530
94 531
94 532
94 533
94 534
94 535
94 536
94 537
94 538
96 523
97 414
97 415
97 418
97 420
99 558
99 559
99 560
99 561
99 569
99 570
101 358
101 431
101 432
101 433
101 434
101 435
101 436
101 437
101 553
101 554
101 555
101 556
101 557
101 558
101 559
101 560
101 561
101 562
102 419
102 420
102 425
102 426
102 427
102 429
102 430
102 442
102 444
102 445
102 472
102 473
102 474
102 475
102 476
102 477
102 537
102 538
102 539
102 540
102 541
102 543
102 544
102 604
102 605
102 606
102 607
102 608
102 609
103 427
103 429
103 430
103 431
103 432
103 448
103 449
103 450
103 451
103 452
103 453
103 454
103 455
103 456
103 457
103 458
103 459
103 544
103 546
103 547
103 548
103 550
104 461
104 462
104 463
104 464
104 465
104 466
104 467
104 468
104 469
104 470
104 471
104 472
104 473
104 517
104 518
104 519
104 520
104 521
104 522
104 523
104 524
104 525
104 526
104 527
104 528
104 529
104 530
104 531
104 532
104 547
104 548
104 550
104 553
104 554
104 555
104 556
104 557
104 558
104 559
104 600
105 401
105 568
105 569
105 570
105 571
106 536
106 537
106 538
106 539
106 540
106 541
106 542
106 543
106 544
106 545
106 546
106 547
106 548
106 549
106 666
108 444
108 445
108 446
108 447
109 478
109 481
109 482
109 483
109 484
109 485
109 486
109 487
109 488
109 489
109 490
109 539
111 407
111 408
111 409
111 561
111 562
111 563
112 376
112 377
112 378
112 381
112 385
112 408
112 409
112 410
112 411
112 412
112 413
112 414
112 415
112 416
112 417
112 418
112 419
112 462
112 463
112 464
112 465
112 466
112 467
112 474
112 489
112 490
112 491
112 492
112 493
112 494
112 495
112 496
112 497
112 498
112 499
113 465
113 466
113 467
113 492
113 493
113 494
113 495
113 496
113 497
113 498
113 499
113 500
113 501
113 502
113 503
113 504
113 510
113 624
113 625
113 626
113 627
114 487
114 488
114 489
114 490
114 491
114 492
114 552
114 553
114 554
114 557
114 558
114 559
114 560
114 561
114 563
114 564
115 418
115 419
115 420
115 421
115 422
115 423
115 424
115 425
115 426
115 427
115 428
115 431
116 350
116 429
116 430
116 431
116 432
116 525
116 526
116 527
116 528
116 529
116 530
116 531
116 532
116 533
116 534
116 535
117 582
117 583
118 441
118 442
118 443
120 545
120 546
120 555
121 537
122 598
123 442
123 443
123 444
123 445
123 446
123 447
123 448
123 449
123 450
123 451
123 452
123 453
123 454
123 455
123 456
123 547
123 549
123 550
123 551
123 552
123 553
123 554
123 555
123 556
123 557
123 558
123 559
123 560
123 594
123 596
127 482
127 483
127 484
128 592
128 670
128 671
128 673
128 674
128 675
128 676
128 677
128 678
129 569
129 570
129 571
129 572
129 573
129 574
131 391
131 392
131 393
131 394
131 395
131 396
131 397
132 567
132 568
132 569
132 570
132 571
132 572
132 573
132 574
132 575
132 576
132 577
132 578
132 579
133 467
133 468
133 470
133 473
133 474
133 475
133 476
133 477
133 478
133 479
133 482
133 490
134 375
134 376
134 377
134 378
134 379
134 454
134 456
134 457
134 503
135 528
135 592
135 593
135 594
135 595
135 596
136 425
136 427
136 428
136 498
136 499
136 500
136 501
136 502
136 503
136 504
136 514
136 515
136 516
136 517
136 518
136 519
136 520
136 521
136 522
136 523
136 524
136 525
136 527
136 532
136 533
136 572
136 573
136 574
136 576
136 615
137 502
137 503
137 504
137 505
137 506
137 507
137 508
137 509
137 510
137 512
137 570
140 479
141 447
141 456
141 457
141 458
141 469
141 489
141 490
141 491
141 492
141 493
141 494
141 495
141 496
141 497
141 498
141 499
141 500
141 501
142 340
142 341
142 466
142 467
142 468
143 495
146 491
146 530
146 531
146 532
146 533
146 557
146 558
146 559
147 553
147 555
148 437
148 474
148 475
148 476
148 511
148 573
148 574
148 575
150 387
150 388
150 389
150 390
150 391
150 392
150 393
150 394
150 395
150 396
150 397
150 398
150 399
152 504
152 505
152 506
152 507
152 508
153 435
153 506
153 509
153 510
153 511
153 514
154 476
154 554
154 555
154 557
154 558
155 516
155 517
155 518
155 519
155 520
155 521
155 522
155 523
155 524
155 525
155 526
155 527
155 528
156 495
156 496
156 497
156 498
156 499
158 419
158 423
159 530
159 533
159 534
161 383
161 384
161 385
161 386
161 387
161 388
161 389
161 390
161 391
161 454
161 455
161 456
161 457
161 458
161 459
161 460
161 461
161 462
161 463
161 464
161 465
161 466
161 467
161 468
161 469
162 546
162 547
162 655
162 656
162 657
162 658
163 504
163 506
163 507
163 508
163 533
163 534
164 320
164 371
165 465
165 466
165 467
165 468
165 469
165 470
165 474
165 475
165 476
165 511
165 512
165 513
165 514
165 515
166 415
166 416
166 417
166 418
166 419
166 420
166 421
166 422
166 423
166 424
166 425
166 426
166 427
166 493
166 494
166 575
166 576
166 579
166 580
166 581
166 582
166 583
168 474
168 475
168 518
168 519
168 522
168 523
168 556
168 557
170 383
170 385
172 534
173 437
173 438
173 439
174 495
174 528
174 531
175 481
176 363
176 478
176 479
176 480
176 481
176 484
176 575
176 576
176 577
176 578
176 579
176 580
176 581
176 582
178 404
178 405
178 518
178 519
179 436
179 437
179 438
179 439
179 440
179 441
179 442
179 445
179 446
179 447
179 532
179 534
179 535
179 536
179 537
179 554
179 555
179 556
179 557
179 558
179 559
179 560
179 561
179 571
179 572
179 573
179 574
179 678
179 679
180 443
180 451
180 453
180 454
180 455
180 515
180 516
180 517
180 518
180 520
180 521
180 522
180 523
180 524
180 525
180 526
180 527
180 528
180 529
180 530
180 531
180 532
180 533
180 549
180 587
180 588
180 589
180 591
181 516
182 398
182 435
182 473
182 508
182 509
182 510
182 511
182 512
182 516
182 517
182 518
182 536
182 537
182 538
182 539
182 540
182 541
182 564
183 522
183 561
183 562
183 563
183 564
185 454
185 455
185 456
185 457
185 458
185 462
185 463
185 480
185 481
185 597
186 529
186 530
186 531
186 533
186 534
186 535
186 536
186 537
186 538
186 540
187 405
187 406
187 407
187 408
187 409
187 410
188 456
188 482
188 483
188 484
188 485
188 511
189 476
190 397
190 398
190 399
190 400
190 401
190 403
190 404
190 405
190 435
190 438
190 439
190 440
190 441
190 442
190 443
190 444
190 542
190 543
190 544
190 545
190 546
190 547
191 527
192 436
192 437
193 490
193 491
193 492
193 493
193 494
193 495
193 496
193 545
193 546
193 564
194 491
194 497
194 498
194 499
194 500
194 501
194 502
194 509
196 402
196 403
196 404
196 510
196 511
196 512
196 513
196 514
196 515
197 449
197 450
197 451
197 455
197 458
197 459
197 460
197 461
197 551
197 552
197 601
197 602
197 603
197 604
197 605
197 606
197 607
197 608
197 609
197 610
197 611
198 510
198 513
199 479
199 480
199 540
199 541
199 542
199 544
199 545
199 546
199 547
199 548
199 549
199 550
199 551
199 552
199 553
199 554
200 381
200 382
200 383
200 384
200 385
200 386
200 387
200 568
200 569
200 570
200 571
200 572
200 573
200 574
200 575
200 576
200 577
201 481
201 482
202 436
202 437
202 438
202 439
202 440
202 441
202 442
202 443
202 444
202 445
202 446
202 447
202 448
202 451
202 452
202 462
202 499
202 500
203 555
203 556
203 557
203 558
203 559
203 560
203 561
203 562
203 563
203 564
204 393
204 394
204 499
204 500
204 501
204 502
204 503
205 413
205 414
205 415
205 416
205 422
205 423
205 424
205 526
205 527
206 498
206 499
206 500
206 520
206 521
206 522
208 501
208 502
208 503
208 504
208 505
208 506
208 507
208 508
208 509
208 510
208 511
208 584
209 495
209 496
209 499
209 500
209 563
209 564
209 565
209 566
209 567
209 568
209 569
209 570
209 571
209 652
209 653
209 654
211 508
211 509
211 510
211 511
211 514
211 515
211 603
211 604
211 605
211 606
211 607
211 608
211 609
211 610
211 611
211 612
211 613
211 614
211 615
211 616
211 617
212 320
212 321
212 441
212 443
212 450
212 451
212 529
212 592
212 593
213 491
213 492
213 493
213 494
213 495
213 496
213 497
213 498
213 499
213 500
213 501
213 502
213 503
214 400
214 401
214 402
214 403
214 404
214 447
214 448
214 449
214 466
214 538
214 539
214 540
214 541
214 542
214 543
214 544
214 545
214 546
214 547
214 548
214 549
214 550
214 551
214 552
214 553
215 338
215 339
215 340
215 341
215 342
215 343
215 344
215 345
215 346
215 347
215 348
215 349
215 448
215 449
215 450
215 451
215 452
215 453
215 454
215 456
215 462
215 463
215 466
215 538
215 539
215 540
215 541
215 542
215 543
215 544
216 440
216 448
216 449
216 450
216 451
216 452
216 559
216 560
216 561
216 562
216 563
216 564
216 565
216 566
216 567
216 568
216 569
216 570
217 264
217 451
217 453
217 454
217 455
217 456
217 457
217 685
217 686
217 687
218 349
218 478
218 479
218 480
218 481
218 482
218 483
218 484
218 485
218 486
218 487
218 488
219 430
219 431
219 432
219 433
219 434
219 435
219 436
219 437
219 438
219 439
219 440
219 441
219 442
219 443
219 444
219 532
219 533
219 534
219 535
219 536
219 537
219 538
219 539
219 540
219 541
219 543
219 544
219 545
219 546
219 547
219 552
219 553
221 429
221 430
221 431
221 432
221 433
221 434
221 435
221 437
221 438
221 439
221 495
221 496
221 497
221 528
221 684
221 687
221 688
221 689
222 479
222 480
222 516
222 517
222 518
223 494
223 588
223 589
223 590
223 591
223 592
223 593
223 594
224 521
225 466
225 467
225 468
225 469
225 470
225 471
225 472
226 425
226 427
226 428
226 429
226 430
226 431
226 432
226 433
226 434
226 435
226 622
226 624
226 625
228 455
229 501
229 502
229 614
229 619
230 453
230 454
230 455
230 456
230 457
230 458
230 459
230 460
230 461
230 462
230 463
230 464
230 465
231 504
231 505
231 506
231 507
231 508
231 509
231 510
231 511
231 512
231 513
231 514
231 607
232 454
233 444
233 463
233 464
233 500
233 501
233 502
233 503
233 504
234 471
234 472
234 473
234 474
234 475
234 476
234 477
234 478
234 479
234 480
234 481
234 482
234 483
234 484
234 488
234 489
234 490
234 491
234 492
234 493
234 537
234 538
234 588
234 589
234 590
235 457
235 458
235 461
235 485
235 486
235 487
235 491
235 492
235 493
235 494
235 495
235 496
235 497
235 498
235 500
235 501
235 502
235 504
235 505
237 378
237 458
237 459
237 460
237 461
237 463
237 464
237 465
237 466
237 467
237 468
237 469
238 384
238 385
238 386
238 387
238 388
238 389
238 390
238 391
238 392
238 393
238 394
238 395
238 396
240 503
240 592
241 570
241 571
241 572
241 574
241 575
241 576
241 577
242 559
242 560
242 561
242 562
242 563
242 564
242 614
243 424
243 425
243 518
244 437
245 409
245 509
245 510
245 511
245 611
245 612
246 538
246 647
246 651
246 652
246 653
248 402
248 458
248 540
248 543
248 544
248 545
248 546
248 547
248 548
248 549
248 574
248 575
248 576
249 467
249 468
249 469
249 470
249 471
249 472
249 473
249 474
249 475
249 476
249 477
249 560
249 561
250 499
250 500
250 501
250 502
250 503
250 504
250 505
250 506
250 507
250 508
250 509
250 510
250 511
251 406
251 407
251 409
251 523
252 554
252 555
252 556
252 557
252 558
252 559
252 560
252 561
252 562
255 367
255 368
255 427
255 428
255 429
255 430
255 431
255 432
255 433
255 434
255 528
255 529
255 530
255 531
255 532
255 533
255 534
255 535
255 536
255 537
255 538
255 539
255 540
256 460
256 461
256 462
256 463
256 464
256 465
256 466
256 467
256 468
256 469
256 470
256 471
256 501
256 502
256 503
257 303
257 304
257 305
257 306
257 307
257 308
257 309
257 310
257 311
257 312
257 313
257 314
257 339
257 340
257 341
257 342
257 343
257 344
257 345
257 346
257 347
257 406
257 409
257 410
257 411
258 471
258 472
258 473
258 474
258 475
258 476
259 425
261 314
261 396
261 397
261 398
261 399
261 400
261 401
261 402
261 403
261 404
261 405
261 406
261 407
261 408
261 454
261 455
261 456
261 457
261 458
261 530
261 531
261 535
261 536
261 560
261 561
261 562
261 563
261 564
261 565
261 566
261 567
261 568
261 621
261 622
261 623
261 624
261 625
262 522
262 523
262 524
262 525
262 526
262 527
262 528
262 529
262 530
262 531
262 532
262 533
262 534
262 535
263 360
263 568
263 569
263 570
265 502
265 503
265 504
265 505
265 506
265 507
265 508
265 509
265 510
265 511
266 450
266 451
266 454
267 439
267 441
267 456
267 457
267 458
267 459
267 462
267 463
267 464
267 465
267 466
268 569
268 570
268 571
268 572
268 573
268 574
268 577
268 578
268 579
268 580
268 644
268 645
268 646
268 647
268 648
269 400
269 401
269 402
269 438
269 441
269 455
269 456
269 461
269 462
269 463
269 464
269 465
269 469
269 470
269 471
269 472
269 473
269 474
269 475
269 476
269 477
269 478
269 479
269 480
270 560
270 642
270 643
270 644
271 589
271 590
272 411
272 412
272 413
272 414
272 415
272 416
272 417
272 418
272 419
272 420
272 421
272 482
272 483
272 484
272 485
272 486
272 487
272 488
272 489
272 493
273 515
273 516
273 517
273 518
273 519
273 520
273 521
273 522
273 523
273 524
273 525
273 526
273 527
274 403
274 404
274 405
274 512
274 513
274 514
275 447
275 448
275 449
275 457
275 494
275 495
275 496
277 460
277 461
277 462
277 463
277 464
278 281
278 282
278 283
278 284
278 285
278 324
278 325
278 380
278 381
278 384
278 386
278 387
278 470
278 471
278 472
278 544
279 411
279 546
279 563
279 564
279 565
279 566
279 567
279 568
279 569
279 570
279 571
279 572
279 589
280 455
280 456
280 457
280 458
280 459
280 460
280 461
280 462
280 463
280 464
280 465
281 430
281 431
281 432
281 433
281 434
281 435
281 436
281 437
281 438
281 439
281 440
281 441
281 509
281 510
281 518
282 354
282 355
282 356
282 357
282 358
282 510
282 511
282 512
282 514
282 515
282 516
282 517
282 518
282 533
283 461
284 600
284 601
285 498
285 499
285 505
285 506
285 507
285 508
285 509
285 510
285 565
285 566
285 567
285 568
285 569
285 570
285 572
286 430
286 530
286 531
286 532
286 533
286 534
286 535
286 536
286 537
286 538
286 539
286 540
286 541
286 542
286 543
286 544
286 545
286 546
286 547
286 548
286 549
286 550
286 551
286 552
286 553
286 554
286 555
286 556
286 557
286 558
286 559
286 560
286 561
287 416
287 417
287 418
287 419
287 420
287 421
287 422
287 424
287 425
287 426
287 427
287 455
287 456
287 457
287 458
287 459
287 460
287 461
287 462
287 463
287 464
287 466
287 467
287 468
287 469
287 497
287 498
287 499
287 500
287 507
287 508
289 522
289 523
289 524
290 413
290 414
290 415
292 398
292 399
292 400
293 446
294 421
294 422
294 423
294 424
294 425
294 426
294 427
294 428
294 429
294 430
294 431
294 432
294 510
294 512
294 513
294 524
294 525
294 526
294 527
294 528
294 529
294 530
294 531
294 532
294 533
294 534
294 535
294 536
294 537
294 538
294 539
294 540
294 541
294 542
294 543
294 544
294 545
294 546
294 547
294 570
295 448
295 449
295 450
295 454
295 457
295 472
296 468
296 520
296 521
296 522
296 523
296 524
296 525
296 526
296 527
296 528
296 529
296 530
296 531
296 532
296 552
296 553
297 465
297 494
297 495
297 496
297 497
297 498
297 499
297 500
297 627
297 628
297 629
297 630
298 508
298 509
298 510
298 511
298 512
298 513
298 514
299 448
299 614
300 429
300 430
300 431
300 432
300 433
301 366
301 367
301 368
301 369
301 490
301 581
301 582
301 583
301 584
301 585
301 631
301 632
301 633
301 634
301 635
301 636
301 637
301 638
301 642
301 643
301 645
302 454
302 455
302 456
302 457
302 458
302 459
302 460
302 461
302 462
302 463
302 464
302 465
302 536
302 537
302 538
302 539
302 540
302 541
302 542
302 574
302 578
302 579
302 580
302 581
302 582
302 583
302 584
302 585
302 586
302 587
302 588
302 589
302 590
303 373
303 374
303 375
303 376
303 377
303 378
303 379
303 380
303 381
303 382
303 383
303 384
303 554
303 555
303 556
303 557
303 559
303 560
303 561
304 524
304 525
304 526
304 527
304 528
304 529
304 566
304 567
306 467
306 468
306 469
306 470
306 471
306 472
306 473
306 474
306 475
308 413
308 414
308 415
308 417
308 418
308 419
308 420
308 422
308 473
308 474
308 482
308 483
308 484
308 489
308 490
308 491
308 492
308 512
308 513
308 514
308 515
308 516
308 518
308 521
308 522
308 523
310 448
310 449
310 450
310 451
310 452
310 473
310 474
310 492
310 493
310 494
310 495
310 496
310 497
310 498
310 499
310 500
310 501
310 502
310 503
310 504
310 665
310 666
310 667
310 668
310 669
310 670
310 676
311 366
311 367
311 368
311 369
311 370
311 371
311 372
311 373
311 498
311 499
311 500
311 501
311 502
311 503
311 504
311 505
311 506
311 507
311 508
311 509
311 535
311 536
311 537
311 538
311 539
311 540
311 541
312 415
312 416
312 417
312 418
312 419
312 420
312 516
312 517
313 463
313 464
313 465
313 466
313 467
313 468
313 469
313 470
313 471
313 472
313 473
313 474
313 475
313 476
313 477
313 478
313 479
313 480
313 481
313 482
313 483
313 484
315 422
315 423
315 424
315 425
315 427
315 512
315 513
315 514
315 515
315 516
315 517
315 518
315 519
315 520
316 413
316 414
316 416
316 539
316 540
316 541
316 542
316 544
316 545
316 546
316 547
316 550
316 551
317 463
317 464
317 466
317 467
317 478
317 479
317 480
317 481
317 543
317 544
317 545
317 546
317 547
317 549
317 550
318 353
318 354
318 355
318 356
318 357
318 358
318 359
318 360
318 361
318 362
318 477
318 478
319 532
319 533
319 534
319 535
319 536
319 537
319 538
319 539
319 620
320 455
320 456
320 457
320 458
320 459
320 460
320 461
320 462
320 463
320 464
320 465
320 466
320 468
320 469
320 470
320 471
320 480
320 481
320 482
320 483
320 484
320 485
320 486
320 487
320 488
320 489
320 490
320 491
320 492
320 493
320 494
320 495
320 496
320 497
320 640
320 641
320 648
320 649
321 458
321 459
321 460
321 461
321 462
321 463
321 464
321 465
321 466
321 467
321 634
322 527
322 528
322 529
322 530
322 531
322 532
322 533
322 534
322 535
322 536
322 537
322 538
322 539
322 540
323 371
323 372
323 373
323 375
323 376
323 377
323 378
323 379
323 380
323 381
323 382
323 513
323 516
323 517
323 518
323 519
324 457
324 458
324 459
324 460
324 461
324 462
324 463
324 464
324 465
324 466
324 516
324 517
324 527
324 528
324 529
324 530
324 531
327 447
327 448
327 449
327 450
327 451
327 482
327 483
327 484
327 485
327 486
327 487
327 488
327 489
327 492
327 493
327 494
327 509
327 510
327 511
327 512
327 513
327 514
327 515
327 516
328 294
328 474
328 475
328 476
328 477
328 478
328 479
328 480
328 530
328 531
328 532
328 533
328 534
328 535
328 536
328 537
328 538
328 539
328 540
329 342
329 343
329 344
329 345
329 346
329 347
329 428
329 429
329 430
329 431
329 432
329 433
329 434
329 435
329 436
329 437
329 438
329 439
329 440
329 441
329 483
331 377
331 378
331 380
331 386
331 387
331 432
331 434
331 435
331 436
331 437
331 438
331 439
331 503
332 512
332 516
332 517
332 518
332 519
332 520
332 521
333 414
333 415
333 416
333 417
333 418
333 419
333 420
333 421
333 422
333 423
333 424
333 425
334 417
334 418
334 419
334 420
334 421
334 424
334 425
334 426
334 427
334 428
334 429
334 430
334 433
334 434
334 435
334 448
334 449
334 450
334 451
334 452
334 453
334 455
334 456
334 457
334 569
334 570
334 571
334 572
334 573
334 574
334 575
334 576
334 577
334 578
334 579
335 502
335 503
335 504
335 505
335 520
335 521
335 568
335 569
336 307
336 308
336 396
336 456
336 457
336 458
336 459
336 566
336 603
336 604
336 605
336 606
336 607
336 608
336 609
336 610
336 611
336 612
336 613
336 614
336 615
337 438
337 511
337 512
337 513
337 514
337 515
337 516
337 520
339 539
340 472
340 473
340 500
340 501
340 575
341 614
341 615
341 616
341 617
343 504
343 527
345 502
345 503
345 504
345 505
345 506
345 507
345 508
345 509
345 511
345 512
345 513
345 514
345 534
345 535
345 536
345 537
345 538
345 691
346 427
346 428
346 556
346 557
346 558
346 559
346 560
346 561
346 562
346 563
346 564
346 568
346 569
346 570
347 373
347 374
347 375
347 378
347 379
347 381
347 382
347 383
347 484
347 485
347 486
347 487
347 490
347 491
347 492
347 493
347 494
348 348
350 345
350 469
350 513
350 514
350 515
350 516
350 517
350 518
350 519
350 520
350 521
350 522
350 523
350 524
351 443
351 444
351 445
351 446
351 447
351 448
351 449
351 450
351 451
351 452
351 453
351 454
351 455
351 523
351 578
353 442
353 443
353 444
353 445
353 446
353 447
353 448
353 620
353 621
353 622
353 623
353 624
353 625
353 626
353 627
353 628
353 629
353 630
353 631
353 632
354 470
354 471
354 472
354 473
354 474
354 475
354 476
354 477
354 478
354 479
354 536
354 537
354 538
354 539
354 540
354 541
355 364
355 490
356 410
356 411
356 414
356 418
356 419
356 420
356 486
356 489
357 413
357 414
357 415
357 416
357 418
357 545
357 546
357 548
358 336
358 337
358 338
358 339
358 340
358 461
358 462
358 464
358 465
358 466
358 467
358 468
358 470
358 471
358 550
358 551
358 552
358 553
358 554
358 555
358 556
358 557
358 558
358 559
358 560
359 438
359 440
359 484
359 485
359 486
359 488
359 491
359 492
359 493
359 494
359 502
359 543
359 544
359 548
359 549
359 587
359 588
359 589
360 439
360 440
360 441
360 442
360 443
360 449
360 458
360 459
360 460
360 461
360 462
360 463
360 464
360 465
360 466
360 467
360 468
360 469
360 470
360 471
360 472
360 473
360 474
360 578
360 579
360 580
360 581
360 582
360 583
360 584
360 585
361 460
361 479
361 480
361 481
361 482
361 483
361 484
361 485
361 486
361 487
361 488
361 489
361 490
361 491
361 492
361 493
361 494
361 495
361 496
362 492
362 493
362 494
362 500
362 501
362 502
362 503
362 540
363 462
363 463
363 464
363 515
364 453
364 454
364 455
364 456
364 457
364 458
364 459
364 460
364 461
364 462
364 463
364 464
364 571
365 403
365 511
365 521
365 528
365 529
366 434
366 435
366 502
366 503
366 504
366 505
366 506
366 507
366 508
366 509
366 510
366 512
366 513
366 528
366 529
366 530
366 532
368 363
368 364
368 365
368 366
368 367
368 368
368 369
368 370
368 371
368 411
368 412
368 450
368 451
368 455
368 456
368 483
368 484
368 485
368 486
368 487
368 488
368 489
368 490
368 492
368 493
368 613
369 586
370 448
370 449
370 450
371 408
371 411
371 412
371 447
371 448
371 449
371 450
371 451
371 452
371 453
371 456
371 458
371 459
371 466
371 467
371 468
371 469
371 470
371 471
371 472
371 473
371 474
372 471
372 472
372 473
372 474
372 567
372 568
372 569
372 570
372 571
372 572
372 573
372 574
372 575
372 576
372 577
372 636
372 637
372 638
372 640
372 641
372 642
372 643
372 644
372 645
372 646
372 647
372 648
373 426
373 427
373 428
373 429
373 477
373 478
373 479
373 480
374 419
375 326
375 327
375 328
375 329
375 393
375 394
375 395
375 460
375 461
375 462
375 463
375 464
375 465
375 466
375 467
375 468
375 469
375 470
375 549
376 408
376 409
376 410
376 411
376 412
376 413
377 541
377 545
377 546
377 547
378 362
378 363
378 364
378 365
378 366
379 430
379 431
379 435
379 457
379 458
379 459
379 460
379 461
379 462
379 463
379 464
379 465
379 466
379 467
379 468
379 469
379 574
379 575
379 576
379 577
379 578
379 579
379 580
379 581
379 582
379 583
379 584
380 394
380 414
380 415
380 416
380 436
380 437
380 485
380 486
380 487
380 488
380 489
380 490
380 491
380 492
380 493
380 494
380 495
380 496
380 497
380 498
381 519
381 520
381 521
381 522
381 523
381 524
381 541
381 542
381 543
381 544
381 545
381 546
381 547
381 548
381 549
381 550
381 551
382 471
382 497
382 499
382 502
382 503
382 504
383 513
383 514
383 515
383 516
383 517
383 518
383 519
383 520
383 521
383 522
383 523
383 524
383 525
385 604
386 514
386 515
386 516
386 517
386 518
386 519
386 520
387 542
387 543
387 544
387 545
387 546
387 547
387 548
387 549
387 550
387 551
387 552
387 553
387 554
388 412
388 413
388 414
388 415
388 416
388 417
388 418
388 419
388 420
388 421
388 422
388 423
388 424
388 425
389 375
389 487
389 488
389 489
389 490
389 493
391 506
391 507
391 508
391 509
391 510
391 511
391 512
391 513
391 514
391 515
391 516
392 331
392 332
392 436
392 465
392 466
392 467
392 468
392 539
392 543
392 544
392 545
392 546
392 548
392 612
392 613
392 614
392 615
392 616
392 617
392 618
393 446
393 447
394 532
394 533
394 534
394 535
394 536
395 497
395 498
395 499
395 500
395 501
395 502
395 504
395 505
395 506
395 507
395 508
395 514
395 515
395 516
395 517
396 474
396 475
396 591
396 592
396 593
396 594
396 595
396 596
396 597
396 598
397 534
397 535
397 536
397 537
397 538
397 539
397 540
397 541
397 543
398 511
398 512
398 513
398 514
398 515
398 516
398 517
398 518
398 519
399 524
399 525
399 526
399 527
400 533
402 493
402 499
402 500
402 501
402 612
402 613
402 614
402 615
402 616
402 617
402 618
402 619
402 620
404 476
404 481
404 482
404 484
404 485
404 486
404 641
404 642
404 643
404 644
404 645
404 646
404 647
405 456
405 457
405 458
405 459
405 460
405 461
405 462
405 463
405 464
405 465
405 466
405 467
405 468
405 469
406 417
407 624
407 625
407 626
407 627
407 628
407 629
407 630
407 631
407 632
407 633
407 634
407 635
408 477
408 478
408 479
408 480
408 481
408 482
410 433
410 480
410 481
410 482
410 483
411 360
411 361
411 362
411 367
411 368
412 436
412 437
412 438
412 439
412 443
412 444
412 445
412 446
412 447
412 448
413 451
413 452
413 453
413 454
413 455
413 456
413 457
413 458
413 550
413 551
413 552
413 553
413 554
413 555
413 556
413 557
413 558
413 559
413 560
413 561
413 562
414 442
414 443
414 444
414 445
414 460
414 461
414 462
414 463
414 464
414 465
414 470
414 471
414 472
414 473
414 474
414 475
414 476
414 499
414 500
415 339
415 340
415 341
415 342
415 343
415 344
415 451
415 452
415 453
415 454
415 455
415 456
415 457
415 458
415 459
415 460
415 461
415 462
415 463
415 537
415 538
415 566
415 567
415 568
415 569
415 570
415 571
415 572
415 592
415 659
415 660
415 661
415 662
415 663
415 664
417 403
417 404
417 405
417 406
417 407
417 408
417 440
417 490
417 491
417 492
417 505
418 452
418 453
418 454
418 455
418 456
418 457
418 458
418 459
418 460
418 507
418 509
418 510
418 511
419 377
419 378
419 379
419 529
419 530
419 531
420 284
420 543
420 544
420 545
420 546
420 547
420 548
420 549
420 550
420 551
420 552
420 553
420 554
420 555
420 558
421 518
421 519
421 520
422 419
422 420
422 421
422 422
422 424
422 425
422 643
422 644
422 645
423 499
423 505
423 506
423 507
423 508
423 509
423 510
423 511
423 512
424 483
424 486
424 491
424 494
424 529
424 530
424 531
424 532
424 533
424 534
424 535
424 536
424 537
424 538
424 539
424 540
424 554
424 555
424 556
424 557
424 558
425 433
425 434
425 435
425 436
425 437
425 470
425 474
425 475
425 476
425 477
425 478
426 492
426 493
426 494
426 497
426 498
426 499
426 500
426 501
426 502
426 503
426 504
426 505
426 506
426 507
426 508
426 509
426 510
426 511
426 512
426 513
426 514
427 411
427 464
427 469
427 550
427 551
427 552
427 553
427 554
427 555
427 556
427 557
427 558
427 559
428 413
428 414
428 471
428 472
428 473
428 474
428 475
428 476
428 477
428 478
428 479
428 480
428 481
428 482
428 483
429 364
429 552
429 553
429 554
429 555
431 495
431 498
431 499
431 500
431 503
431 504
431 505
432 365
432 366
432 367
432 368
432 369
432 370
432 371
432 372
432 373
432 374
433 426
433 427
433 582
433 662
434 484
434 485
434 486
434 487
434 488
434 508
434 562
434 563
434 564
435 435
435 441
435 447
435 571
435 572
435 579
435 580
435 581
435 582
435 583
436 447
436 448
436 497
436 498
436 499
436 500
436 502
436 504
436 505
436 507
436 508
436 509
436 510
436 511
436 512
436 513
436 514
436 515
436 516
436 517
436 518
436 519
436 520
436 521
436 522
436 533
437 405
437 406
438 373
438 374
438 375
438 456
438 457
438 458
438 459
438 460
438 461
438 462
438 463
438 464
438 465
438 466
438 467
438 468
438 517
439 537
439 538
439 539
439 540
439 541
440 454
440 455
440 456
440 457
440 458
440 459
440 460
440 461
440 462
440 463
440 464
440 465
440 477
440 499
440 500
440 501
440 516
440 517
440 518
440 519
440 520
440 521
440 522
440 523
440 524
440 525
440 526
440 591
440 592
440 593
440 594
440 598
441 487
441 488
441 489
441 490
441 491
441 492
441 493
441 494
441 495
441 496
441 497
441 498
441 663
441 664
441 665
441 666
441 667
442 401
442 402
442 403
442 404
442 405
442 540
442 541
442 542
442 543
442 544
442 545
442 546
442 547
442 548
442 549
442 550
442 551
442 552
443 451
443 452
443 453
443 454
444 405
444 424
444 425
444 443
444 444
444 445
444 446
444 447
444 448
446 548
446 549
446 550
446 551
446 552
446 553
446 554
446 555
446 556
447 488
447 489
447 490
447 491
447 492
447 493
447 494
447 495
447 496
447 497
447 498
447 499
447 500
447 501
447 502
447 503
447 504
448 420
448 421
448 422
448 423
448 424
448 425
448 426
448 427
448 428
448 429
448 454
448 455
448 456
448 457
448 458
448 459
448 460
448 461
448 462
448 463
448 464
448 465
448 466
448 520
448 521
448 612
448 613
450 518
450 519
450 520
450 521
450 522
450 523
450 640
450 641
450 646
451 455
451 456
451 457
451 458
451 459
451 460
451 461
451 463
451 464
451 492
451 493
451 494
451 495
451 496
451 497
451 498
451 499
451 500
451 501
451 581
451 582
451 583
451 584
453 418
453 420
453 422
453 423
453 424
453 425
453 426
453 427
453 428
453 429
453 430
453 564
453 565
453 566
453 567
453 568
453 569
453 570
453 571
453 572
453 573
453 574
453 575
455 471
455 472
455 473
455 474
455 475
455 476
455 477
455 478
455 479
455 480
455 481
455 482
455 483
455 484
455 557
455 559
455 560
455 561
456 479
456 480
456 481
456 482
456 587
456 588
456 589
456 590
456 591
456 592
456 593
456 594
456 595
456 596
456 597
458 391
458 392
458 394
458 395
460 409
460 410
460 411
460 412
460 413
460 414
460 415
460 416
460 417
460 418
460 419
460 420
460 421
460 476
460 477
460 478
460 479
460 480
460 481
460 482
460 483
460 518
460 519
460 520
460 521
460 522
460 523
460 524
460 525
460 526
460 527
460 528
460 529
461 391
461 433
461 434
461 440
461 454
461 456
461 457
461 458
461 459
461 460
461 461
461 462
461 505
461 644
461 645
463 436
463 437
463 571
463 572
464 523
464 524
464 525
464 526
464 527
464 528
464 529
464 530
464 531
464 532
464 533
464 536
464 537
466 512
466 513
466 516
466 517
466 518
466 520
466 621
467 414
467 421
467 423
467 424
467 425
467 426
467 427
467 428
467 429
467 430
467 431
467 432
467 433
467 434
467 565
467 566
467 567
467 568
467 569
467 570
467 571
467 572
467 573
467 574
467 575
467 576
467 577
468 466
469 466
469 467
469 468
469 469
469 470
469 471
469 472
469 473
469 474
469 475
469 580
469 581
469 582
469 583
470 459
470 460
470 461
471 308
471 309
471 310
471 420
471 421
471 422
471 423
471 424
471 425
471 426
471 427
471 428
471 429
471 494
471 495
471 496
472 341
472 572
472 573
472 574
472 575
472 576
472 577
472 578
473 497
473 498
473 529
473 530
474 459
474 462
474 463
474 464
474 465
474 466
474 467
475 498
475 500
475 518
475 519
475 520
475 521
475 522
475 523
475 524
477 494
477 495
481 444
481 445
481 446
481 447
481 448
481 449
482 367
482 368
482 369
482 539
482 716
482 717
485 404
485 405
485 466
485 467
485 468
485 469
485 470
485 472
486 456
486 457
486 458
486 459
486 479
486 480
486 481
486 482
486 483
486 484
486 485
486 486
488 372
488 507
488 508
488 509
488 510
488 511
488 512
488 513
488 514
488 515
488 516
488 517
488 518
488 519
488 520
488 521
488 574
489 442
489 443
489 444
489 451
489 452
489 453
490 363
490 364
490 365
490 368
490 369
490 370
490 371
490 421
490 422
490 423
490 424
490 425
490 426
490 427
490 428
490 429
490 430
490 431
490 432
490 433
490 480
490 481
490 483
490 484
490 485
491 517
491 540
491 547
491 548
491 550
491 551
491 555
491 556
491 557
491 558
491 559
491 560
491 561
491 562
491 563
492 338
492 431
492 432
492 433
492 702
492 703
492 704
492 705
494 482
494 483
494 490
494 491
494 492
494 493
494 497
494 498
494 499
494 500
494 501
494 502
494 524
494 525
494 526
494 527
494 528
495 434
495 446
495 447
495 449
495 452
495 455
495 475
495 476
495 477
495 478
495 479
495 480
495 481
495 482
495 486
495 491
495 492
495 493
495 494
495 496
495 498
495 499
495 500
495 501
495 502
495 503
495 504
495 505
495 506
496 501
496 502
496 503
496 504
496 505
496 506
496 507
496 508
496 509
496 510
496 511
496 512
496 513
496 514
497 612
498 513
498 558
498 559
498 560
498 561
498 562
498 566
499 445
499 446
499 447
499 448
499 449
499 450
499 451
499 522
499 523
499 524
499 527
499 528
499 529
499 530
499 586
499 587
500 555
500 556
500 557
500 558
500 559
500 560
500 561
500 562
500 563
501 430
501 431
501 432
501 525
501 529
501 618
501 619
501 620
502 511
502 512
502 513
502 514
502 515
502 516
502 517
502 518
502 519
502 520
502 521
502 522
503 426
503 427
503 445
504 472
504 473
505 454
505 455
505 458
505 459
505 460
505 461
505 462
507 425
507 426
507 427
507 428
507 429
507 430
507 431
507 433
507 434
507 435
507 436
507 437
507 438
507 439
507 440
507 441
508 329
508 330
508 478
508 479
508 482
508 485
508 486
508 487
508 488
508 489
508 490
508 491
508 561
508 562
508 563
508 564
508 565
508 566
508 567
508 568
508 569
508 570
508 571
508 572
508 573
510 409
510 410
510 411
510 412
510 413
510 414
510 415
510 438
510 439
510 440
510 441
510 442
510 443
510 444
510 445
510 446
510 447
510 448
510 449
511 568
511 569
511 570
511 571
511 572
511 574
511 575
511 576
512 522
512 523
512 526
512 527
512 528
512 529
512 530
512 531
512 532
512 533
512 534
512 535
512 536
512 538
515 473
515 474
515 564
515 565
515 567
515 570
515 575
515 576
516 486
516 487
516 488
516 489
516 490
516 491
516 492
516 493
517 416
517 417
517 418
517 419
517 420
517 443
517 444
517 445
517 446
517 447
517 448
517 449
517 450
517 497
517 498
517 535
518 477
518 479
518 480
518 481
518 482
518 483
518 484
518 485
518 486
518 487
518 488
518 489
518 490
518 491
519 490
519 491
519 492
519 493
519 494
519 495
519 496
519 497
519 498
519 499
519 544
519 545
519 546
519 547
519 548
519 549
520 435
520 483
520 484
520 485
520 486
520 487
520 488
520 489
520 490
520 491
520 492
520 493
520 494
521 471
521 472
521 473
521 474
521 475
521 476
521 477
521 478
521 479
521 480
521 481
521 482
521 485
522 492
522 493
522 494
522 495
522 496
522 519
522 520
522 521
522 522
522 523
523 456
523 457
523 458
523 459
523 460
523 461
523 462
523 463
523 464
523 465
523 466
523 467
523 468
523 508
523 509
523 510
523 511
523 512
523 513
523 514
523 515
523 516
523 517
523 518
524 413
524 414
524 450
524 451
524 452
524 454
524 467
524 468
524 469
524 470
524 471
524 472
524 473
524 474
524 475
524 476
524 510
524 512
524 581
525 365
525 366
525 367
525 368
525 369
525 534
525 535
525 536
525 537
525 538
525 539
525 540
525 541
525 542
525 543
525 544
525 545
525 546
525 547
526 445
526 446
526 447
526 449
526 450
526 451
526 452
526 453
527 390
527 455
527 456
527 457
527 458
529 474
529 475
529 476
529 477
529 478
529 520
529 522
529 523
529 524
530 409
530 410
530 411
530 412
530 413
530 414
530 415
530 469
530 549
530 550
531 469
531 471
531 474
532 526
532 527
532 528
532 529
532 530
532 531
532 532
532 533
532 563
532 565
533 403
533 404
533 405
533 406
533 407
533 408
533 409
534 502
535 401
536 560
536 561
536 633
536 634
536 635
536 636
536 637
536 638
536 639
536 640
536 641
537 333
537 585
537 586
537 587
537 588
537 589
538 553
539 420
539 423
539 424
539 425
539 482
539 483
539 601
540 489
540 490
540 491
540 492
540 493
540 497
540 499
540 547
540 548
540 549
540 550
540 551
540 552
540 553
540 554
540 555
540 556
540 557
540 558
540 559
541 544
542 411
542 412
542 413
542 414
542 415
542 416
542 417
542 418
542 419
542 420
542 421
542 422
542 423
542 424
542 425
542 426
542 427
542 438
542 439
542 440
542 441
542 442
542 443
542 445
542 446
542 447
542 448
542 603
542 604
542 605
543 506
543 507
543 542
543 543
543 544
543 545
543 546
543 547
543 548
543 549
543 550
543 551
543 552
543 553
543 554
544 485
544 486
544 487
545 406
545 471
545 472
545 473
545 474
545 475
545 476
545 477
545 478
545 479
545 480
545 481
545 482
545 483
545 571
545 572
545 573
545 574
545 575
545 576
545 577
545 578
545 579
546 465
546 466
546 489
546 522
547 539
547 540
547 541
547 542
547 543
547 544
547 545
547 546
547 547
548 411
548 415
548 416
548 417
548 418
548 420
548 522
548 524
548 525
548 527
551 364
551 365
551 472
551 482
551 483
551 484
553 546
554 345
554 346
554 347
554 348
554 349
554 350
554 351
554 352
554 353
554 354
554 507
554 508
554 509
554 510
554 511
554 512
554 513
554 514
555 446
555 447
555 448
555 455
555 456
555 457
555 458
555 565
555 566
556 443
556 444
556 457
556 458
556 459
556 463
556 514
556 518
556 519
556 520
556 521
556 522
556 523
556 524
556 525
556 526
556 527
556 528
556 529
556 530
556 531
556 532
556 533
556 534
556 535
556 536
556 537
556 538
556 539
556 544
556 545
556 546
557 462
557 463
557 464
557 465
558 428
558 429
558 430
558 431
558 432
558 433
558 434
558 435
558 436
558 437
558 438
558 491
558 492
559 512
559 513
559 514
559 515
559 516
559 546
559 547
559 548
560 432
560 433
560 434
560 435
560 436
560 437
560 438
560 439
560 440
560 442
560 481
560 482
560 483
560 484
560 485
560 502
560 556
560 558
560 559
560 560
562 434
563 505
563 506
563 507
563 508
564 350
564 351
564 403
564 494
564 495
564 496
564 497
564 498
564 499
564 500
564 501
564 502
564 503
564 504
564 505
564 506
564 507
564 508
564 509
564 510
564 537
564 538
564 539
564 540
564 553
565 505
565 506
565 507
565 508
566 391
566 392
566 393
566 394
566 395
566 396
566 397
566 438
566 439
566 440
566 441
566 466
566 502
566 503
566 504
566 505
566 506
566 507
566 512
566 551
566 552
566 553
566 554
566 555
566 556
566 557
566 558
566 559
566 560
566 561
566 562
566 563
567 467
569 472
569 473
569 474
569 475
569 476
569 477
569 478
569 479
569 480
569 481
569 482
570 469
570 470
571 487
571 576
571 577
571 578
571 579
571 580
571 581
571 582
571 583
571 584
571 585
571 586
571 639
571 640
571 641
571 642
571 644
571 646
572 545
572 546
572 547
572 548
572 549
572 550
572 551
572 552
572 553
572 554
572 555
572 556
572 557
573 464
573 465
573 466
573 467
573 468
573 469
573 502
573 503
573 504
573 505
573 506
573 507
573 508
573 509
573 510
573 512
574 474
574 475
574 476
574 477
574 648
574 649
574 650
575 477
575 478
575 479
577 459
577 460
577 469
577 470
577 471
577 472
577 565
577 566
577 594
577 597
577 599
577 600
577 601
578 407
578 408
578 411
578 508
578 509
578 510
578 511
578 512
578 513
578 514
578 515
578 516
578 517
578 518
578 519
578 520
578 521
578 522
578 523
578 524
578 525
578 558
578 559
578 560
578 566
578 569
578 570
578 584
578 585
578 586
578 587
578 588
578 589
579 351
579 352
579 353
579 354
579 355
579 356
579 409
579 410
579 411
579 412
579 426
579 427
579 428
579 429
579 430
579 431
579 432
579 441
579 449
579 450
579 451
579 452
579 453
579 454
579 455
579 456
579 457
579 464
579 465
579 466
579 467
579 468
579 469
579 470
579 471
579 542
579 543
579 544
579 546
579 547
579 548
579 594
579 595
579 602
579 603
579 604
579 605
579 606
579 607
579 614
579 615
579 619
579 620
579 621
579 622
579 623
579 624
579 625
579 626
579 644
579 645
579 646
579 647
579 683
579 684
579 685
579 687
579 763
579 764
580 422
580 423
580 424
580 495
580 496
580 497
580 498
580 499
580 500
581 516
581 517
581 518
582 503
582 504
582 505
582 506
582 507
583 267
583 268
583 269
583 471
583 472
583 551
583 552
583 553
583 554
583 555
583 556
583 557
583 558
583 559
583 560
583 561
583 671
583 672
583 673
583 675
583 676
583 677
583 678
583 679
584 297
584 357
584 358
584 359
584 360
584 361
584 362
584 363
584 364
584 365
584 366
584 367
584 368
584 370
584 395
584 396
584 397
584 398
584 399
584 400
584 405
584 406
584 407
584 408
584 409
584 410
584 411
584 412
584 413
584 414
584 415
584 416
584 417
584 418
584 419
584 669
584 670
584 671
584 672
584 673
584 674
584 675
584 676
584 677
584 678
584 679
584 680
584 681
586 509
586 510
586 517
586 518
586 519
586 520
587 481
587 482
587 483
587 484
587 485
587 486
587 487
587 488
587 489
587 490
587 491
587 492
587 493
587 494
587 503
587 504
587 505
587 506
587 507
587 508
587 509
587 510
587 511
587 512
587 513
587 514
587 515
587 516
587 517
587 518
587 519
587 520
588 439
588 440
588 563
588 601
588 602
589 491
589 493
589 495
589 496
589 497
589 498
589 554
589 557
589 562
589 563
589 564
589 565
589 566
589 567
589 568
589 569
589 570
589 571
589 572
589 573
589 574
589 575
589 576
590 380
590 388
590 389
590 390
590 391
590 392
590 393
590 395
590 396
591 370
591 371
591 372
591 373
591 374
591 375
591 377
591 379
591 415
592 390
592 391
592 392
592 393
592 394
592 395
592 396
592 397
592 400
592 401
592 573
592 574
592 576
592 595
592 596
592 599
592 600
592 601
592 602
594 457
594 458
594 459
594 460
594 461
594 462
594 466
594 467
594 468
594 469
594 470
594 471
594 472
594 473
594 474
594 475
594 476
594 477
594 478
594 484
594 683
594 684
594 685
595 338
595 453
595 454
595 455
595 456
595 459
595 460
595 461
595 462
595 463
595 464
596 415
596 506
596 507
596 508
597 453
597 454
597 455
597 456
597 457
597 487
598 485
598 486
598 489
598 490
598 491
598 492
598 493
598 544
599 384
599 385
599 547
600 541
601 485
601 486
601 487
601 488
602 381
602 416
602 417
602 418
602 419
602 420
602 421
602 468
602 469
602 470
602 471
602 472
602 473
602 474
602 475
602 495
602 496
602 497
603 403
603 404
603 405
603 406
603 407
603 408
603 409
603 509
603 510
603 511
603 512
603 513
603 514
603 515
603 516
603 517
603 518
603 519
603 520
603 521
603 522
603 523
603 527
603 528
603 552
603 553
603 571
605 365
605 366
605 367
605 371
605 372
605 373
605 374
605 398
606 460
606 461
606 464
606 491
606 518
606 519
606 520
606 521
608 422
608 423
608 508
608 509
608 510
608 512
608 513
609 294
609 295
609 296
609 297
609 298
609 299
609 300
609 516
609 518
609 519
609 520
609 521
609 534
609 535
610 491
610 492
610 493
610 494
610 495
610 496
610 497
610 501
610 523
610 524
610 578
610 582
610 583
610 584
610 585
610 586
610 618
610 619
610 620
610 621
610 622
610 623
610 624
610 625
610 626
611 417
611 418
611 419
611 420
611 421
611 425
611 426
611 427
611 428
611 432
611 437
611 438
611 439
611 440
611 455
611 456
611 548
611 549
611 550
611 551
611 552
611 553
611 554
611 555
611 556
611 557
611 558
611 559
611 560
611 561
611 562
612 439
612 442
612 505
612 506
612 507
612 508
612 509
612 510
612 511
612 512
612 513
612 514
612 515
612 516
612 517
612 518
612 519
613 555
613 558
613 559
613 561
613 562
613 563
613 564
613 565
613 566
614 423
614 426
614 500
614 501
614 502
614 503
614 504
615 432
615 433
615 434
616 376
616 377
616 378
616 379
616 380
616 381
616 382
616 383
616 384
616 385
616 386
616 387
616 388
616 571
616 572
616 573
616 574
616 575
616 576
616 580
616 581
616 582
616 583
616 584
616 590
618 425
618 426
618 474
618 475
618 477
618 478
618 479
618 480
618 481
618 482
618 483
618 505
618 506
618 507
618 508
618 509
622 376
622 377
622 378
622 379
622 380
622 381
622 382
622 383
622 384
622 385
622 386
622 387
622 388
622 389
622 390
622 391
622 392
622 421
622 423
622 424
622 425
622 443
623 454
623 455
623 485
623 488
623 489
623 490
623 491
624 470
624 471
624 472
624 473
624 474
624 475
627 505
627 507
627 508
627 509
627 510
627 511
627 512
627 513
627 566
628 688
628 689
629 593
629 594
629 595
629 596
629 597
629 598
629 599
629 600
629 601
629 602
629 603
632 468
632 688
632 689
632 690
632 691
632 692
632 693
634 473
634 474
634 475
634 476
634 477
634 478
634 479
634 480
634 481
634 482
634 513
634 514
634 515
634 516
634 517
634 518
634 519
634 520
634 521
634 556
634 559
634 560
634 561
634 562
634 563
634 564
634 565
634 652
635 483
635 484
635 485
635 486
635 487
635 488
635 489
635 490
635 491
635 492
636 443
636 455
636 456
636 457
636 458
636 459
636 460
636 461
636 462
636 463
636 464
636 465
636 466
636 516
636 536
637 391
637 392
637 393
637 394
637 395
637 396
637 397
637 400
637 401
637 402
637 403
637 453
637 477
637 478
637 479
637 510
638 463
638 464
638 465
638 466
638 467
638 468
638 469
638 470
638 471
638 472
638 473
638 474
638 475
638 504
638 505
638 627
638 628
638 631
639 391
639 417
639 418
639 419
639 422
639 423
639 424
639 425
639 426
640 449
640 458
640 459
640 468
640 469
640 470
640 471
640 472
640 473
640 474
640 475
640 476
640 477
640 478
640 479
640 480
643 403
643 405
643 406
643 407
643 441
643 442
643 443
643 444
643 445
643 476
643 477
643 478
643 481
643 482
643 483
643 484
643 485
643 486
643 487
643 488
643 489
643 490
643 491
643 492
643 493
643 494
643 495
643 496
643 497
644 452
644 453
644 454
644 455
645 605
645 606
645 607
646 416
646 417
646 418
646 419
646 420
646 421
646 422
646 423
646 525
647 432
647 433
647 439
647 440
647 445
647 446
647 447
647 448
647 449
647 450
647 451
647 452
647 453
647 454
647 455
647 456
647 457
647 469
647 503
647 509
647 510
647 511
647 512
647 513
647 514
647 515
647 516
647 517
647 518
647 519
647 520
647 521
647 522
647 523
647 524
647 525
647 526
647 527
647 528
647 529
647 530
647 531
647 532
647 533
647 534
647 535
647 536
647 537
647 538
647 539
648 518
648 520
648 521
648 522
648 523
648 524
648 525
648 526
648 527
648 528
648 529
648 530
648 531
648 726
648 727
650 518
651 418
651 420
651 421
651 526
652 466
652 540
652 541
652 542
652 543
652 563
652 564
652 565
653 435
653 436
653 438
653 439
653 440
653 441
653 442
653 443
653 444
653 445
653 446
653 447
653 469
653 470
653 471
653 511
653 512
653 513
655 405
655 406
655 426
655 427
656 402
656 442
656 443
656 444
656 445
656 446
656 519
656 520
657 592
658 480
658 481
658 482
658 483
658 484
658 486
658 488
658 491
658 492
658 563
658 564
658 565
658 566
658 567
658 568
658 569
658 570
658 571
658 572
658 573
658 574
658 575
660 492
660 493
660 494
660 495
660 559
661 546
661 555
661 556
661 557
662 416
662 417
662 418
662 419
662 462
662 463
662 464
662 465
662 466
662 467
662 507
662 508
662 509
662 510
662 511
662 513
662 514
662 517
662 518
662 591
662 595
662 596
662 597
662 598
662 599
662 600
662 601
662 602
664 526
664 550
665 371
665 372
665 373
665 374
665 375
665 376
665 377
665 514
665 516
665 517
665 518
665 549
666 380
666 519
666 520
666 521
666 522
666 523
666 524
666 525
666 526
666 584
666 592
666 599
667 479
667 480
667 488
667 489
667 490
667 498
667 499
667 548
667 549
667 555
667 556
667 557
667 558
667 559
667 560
667 561
667 563
667 564
667 565
667 566
667 570
667 576
667 577
667 578
668 542
669 325
669 327
669 328
669 329
669 330
670 455
670 459
670 460
670 461
670 462
670 465
670 466
670 467
670 468
670 469
670 470
670 471
670 477
670 478
670 479
670 480
670 481
670 482
672 444
674 452
674 453
674 457
674 458
674 459
674 460
674 461
674 462
674 463
674 464
674 546
674 547
674 548
674 549
674 550
674 551
674 552
674 553
674 554
674 584
674 585
674 586
675 504
675 519
675 520
675 521
675 522
675 523
675 524
675 525
676 394
676 395
676 396
676 397
676 398
676 399
676 400
676 401
676 402
676 403
676 404
676 405
676 406
676 455
676 456
676 457
676 458
676 459
676 513
676 514
676 515
676 516
676 635
677 455
677 477
677 485
677 486
677 487
677 488
677 522
679 526
679 530
679 531
679 532
679 533
679 534
679 535
679 536
679 537
679 538
679 539
680 468
680 469
680 470
680 471
680 472
680 473
680 474
680 475
680 476
680 477
680 478
680 479
681 517
681 518
681 519
681 520
681 521
681 522
681 523
681 524
681 539
681 540
681 541
681 542
681 550
681 566
681 567
681 568
681 569
681 570
681 571
681 572
681 573
681 574
681 575
681 576
681 577
682 503
682 553
682 554
682 555
682 556
682 557
683 428
683 429
683 430
683 431
683 432
683 433
683 447
683 448
683 449
683 450
685 462
685 578
685 579
685 580
686 520
686 521
686 522
686 523
686 524
686 525
686 526
686 527
686 528
686 529
686 530
686 531
686 532
686 533
686 574
687 485
687 486
687 487
687 488
687 489
687 490
687 491
687 492
687 493
687 494
687 495
687 496
687 497
688 401
688 402
688 403
688 404
688 405
688 406
688 407
688 408
688 409
688 410
688 411
688 482
688 483
688 484
688 486
688 487
688 489
688 491
689 410
689 411
689 412
689 413
689 415
689 417
689 418
689 500
690 578
690 579
690 580
691 515
691 516
691 517
691 518
691 519
691 520
691 578
692 448
692 449
692 450
692 451
692 452
692 453
692 457
692 458
692 459
692 460
693 507
693 508
694 496
694 525
694 526
694 571
694 572
694 573
694 574
694 633
695 451
695 598
695 599
695 600
695 601
695 602
695 603
696 371
696 373
696 374
696 375
696 376
696 377
696 378
696 379
696 380
696 381
696 384
696 395
696 396
696 397
696 398
696 448
696 449
696 450
696 451
696 452
696 453
696 454
696 523
696 524
696 525
696 526
696 527
696 528
696 529
696 530
696 531
697 454
697 621
697 622
697 623
697 624
697 625
697 626
697 627
697 628
697 629
697 630
697 631
697 632
697 633
698 439
698 440
698 441
698 442
698 443
698 594
699 469
699 491
699 492
699 493
699 494
699 495
699 496
699 497
699 498
699 499
699 500
699 501
699 502
699 503
700 477
700 478
700 479
700 561
700 562
700 563
700 601
700 602
700 603
700 604
701 449
702 418
702 419
702 420
702 421
702 422
702 464
702 465
702 544
702 545
702 546
702 547
702 548
702 549
702 552
702 554
702 555
702 556
703 615
703 616
703 617
703 618
703 619
704 479
705 507
705 510
705 511
705 512
705 513
705 514
705 515
705 516
705 517
705 518
705 519
705 520
705 521
705 522
707 585
707 589
707 590
707 591
707 592
708 442
708 472
709 408
709 409
709 410
709 411
709 412
709 413
709 414
709 490
709 491
709 492
709 493
709 494
709 495
709 496
709 497
709 498
709 568
710 598
711 518
712 459
712 460
712 461
712 462
712 463
712 464
712 465
712 466
712 467
712 578
712 597
712 598
713 500
713 502
713 503
713 504
713 505
713 506
713 507
713 508
713 511
713 512
713 513
713 514
713 515
713 521
715 427
715 530
715 531
715 532
715 533
715 534
715 535
715 536
715 537
715 538
715 539
716 357
716 497
716 498
716 499
716 500
716 501
716 502
716 503
716 505
716 508
716 514
716 515
716 538
716 539
716 564
716 565
716 566
717 453
717 454
717 456
717 457
717 664
717 665
717 666
717 667
717 669
718 440
718 444
718 445
718 446
718 447
718 448
718 449
718 450
719 568
720 478
720 479
720 480
720 481
720 482
720 483
720 484
720 485
720 486
720 487
720 488
720 489
722 444
722 445
722 446
722 448
722 536
722 538
722 539
722 540
722 548
722 565
722 566
723 521
724 458
724 459
724 460
724 461
725 495
725 496
725 497
725 498
725 499
725 500
725 501
725 502
725 503
725 504
725 505
725 506
725 507
725 519
726 468
726 469
726 470
726 471
726 472
726 473
726 474
726 475
726 476
726 477
728 476
728 477
728 478
728 571
728 572
728 597
728 598
728 599
728 600
728 601
728 602
728 603
728 604
728 605
728 606
728 607
728 608
729 609
729 610
729 611
729 612
729 613
729 614
730 548
730 549
730 551
730 552
730 581
730 582
731 446
731 447
731 448
731 449
731 450
731 451
731 452
731 453
731 454
731 455
731 456
731 457
731 458
731 599
731 600
731 601
731 602
731 603
731 604
731 605
731 606
731 607
731 608
731 609
731 610
731 611
731 612
731 613
731 657
731 658
732 421
732 422
733 401
733 402
733 403
733 404
733 405
733 406
733 407
733 408
733 409
733 410
733 411
733 412
733 413
733 414
733 459
733 460
733 461
733 462
733 463
733 464
733 465
733 466
733 467
733 468
733 469
733 470
733 471
733 533
733 534
733 535
733 536
733 537
733 538
733 539
733 540
733 607
733 608
733 609
733 610
734 495
734 496
735 413
735 414
735 415
735 416
735 417
735 418
735 419
735 420
735 421
735 422
735 423
735 424
735 488
735 490
735 491
735 493
735 494
735 510
735 511
735 512
735 513
735 514
735 515
735 516
735 517
735 518
735 519
735 520
735 521
735 522
735 580
735 581
735 582
735 583
735 584
735 585
735 586
735 587
735 588
735 589
735 590
735 591
735 592
736 510
736 511
736 512
736 513
736 514
736 515
736 516
736 659
736 660
736 662
736 663
736 699
736 700
736 701
736 702
736 703
736 704
736 705
736 706
736 707
736 708
736 709
736 710
736 711
736 712
737 479
737 480
737 481
737 482
737 487
737 488
737 489
737 492
737 596
737 597
737 598
737 599
737 600
737 601
737 602
737 603
739 443
739 444
739 445
739 446
739 447
739 450
739 451
739 490
739 491
739 492
739 494
739 495
740 438
740 439
740 440
740 441
740 442
740 443
740 444
740 445
740 446
740 447
740 448
740 449
740 539
740 543
740 544
740 545
740 546
740 547
740 548
741 523
741 524
741 563
741 566
741 567
741 575
741 742
741 743
741 744
741 745
744 355
744 356
744 357
744 358
744 360
744 361
744 362
744 363
744 410
744 411
744 412
744 413
744 414
744 415
744 416
744 417
744 418
744 419
744 420
744 421
744 422
744 431
744 615
745 506
745 507
746 538
746 539
746 540
746 541
746 542
747 515
747 516
747 517
747 518
748 429
748 448
748 449
749 408
749 409
749 413
749 426
749 428
749 430
749 432
750 505
750 506
750 507
750 508
750 509
750 510
750 511
750 512
750 513
750 514
750 515
750 516
750 517
751 444
751 449
751 455
751 464
751 465
752 512
752 540
752 541
752 542
752 559
752 600
752 601
752 602
752 603
752 604
752 605
753 508
753 509
753 536
753 537
753 539
753 540
753 541
753 542
753 543
753 545
753 546
753 547
754 419
754 420
754 421
754 422
754 423
754 424
754 425
754 426
754 427
754 428
754 429
754 430
754 527
754 528
754 529
754 530
754 531
754 532
754 533
754 534
754 535
754 536
754 537
755 418
755 630
755 631
755 632
755 633
755 634
756 443
756 444
756 445
756 557
756 558
756 559
756 561
756 562
756 566
756 567
756 603
756 604
756 605
756 606
756 607
756 608
756 609
756 610
756 611
756 614
757 386
757 387
757 388
757 389
757 390
757 391
757 392
757 393
757 394
757 552
757 554
757 555
758 508
758 509
758 510
758 511
758 512
758 513
758 514
758 515
758 516
758 517
758 518
758 519
758 520
758 521
758 522
758 549
758 582
758 670
758 671
758 672
758 673
758 674
758 675
758 676
758 677
759 331
759 332
759 334
759 335
759 336
759 337
759 338
759 339
759 340
759 341
759 342
759 343
759 344
759 345
759 551
759 552
760 557
760 559
760 560
760 561
760 562
760 563
760 616
760 617
760 618
761 580
761 581
761 582
761 583
761 584
761 585
761 586
761 642
761 643
761 644
761 645
761 646
761 647
761 648
761 649
762 406
762 407
762 408
762 483
762 484
762 485
762 486
762 487
762 488
762 489
762 490
762 491
762 492
762 493
762 494
762 495
763 336
763 337
763 338
763 406
763 407
763 408
763 409
763 410
763 411
763 412
763 413
763 638
763 639
763 640
763 641
763 648
764 451
764 452
764 514
764 515
764 516
764 517
764 518
764 534
764 535
764 536
764 537
764 538
764 539
764 540
764 541
764 542
764 543
764 544
764 545
764 546
764 547
764 548
764 549
764 550
764 583
764 584
764 603
764 608
764 612
764 615
764 643
764 644
764 645
764 646
764 647
764 648
764 653
765 383
765 385
765 386
765 387
766 498
766 550
766 551
766 552
766 553
766 554
766 593
766 594
766 595
766 596
766 597
766 598
766 599
766 600
766 601
766 602
766 603
766 604
766 605
767 430
767 431
767 432
767 433
767 527
768 584
768 585
768 586
769 414
769 415
769 416
769 417
769 418
769 419
769 420
769 421
769 561
769 562
770 339
770 340
770 401
770 422
770 423
770 424
770 425
770 426
770 427
770 428
770 429
770 489
770 490
770 491
770 492
770 493
770 494
770 495
770 523
770 524
770 525
770 526
770 527
770 528
770 529
770 530
770 531
770 532
770 533
770 534
770 535
771 514
772 410
772 498
772 499
772 500
772 553
772 560
772 561
773 360
773 361
773 362
773 363
773 364
773 365
773 366
773 367
773 368
773 369
773 370
773 371
773 372
773 559
773 560
773 561
773 562
773 563
773 564
773 565
773 566
773 567
773 568
773 579
773 580
773 581
773 582
773 583
773 584
773 585
773 586
773 587
773 588
773 589
773 590
773 591
774 340
774 341
774 351
775 577
777 476
777 477
780 465
780 466
780 467
780 468
780 469
780 470
780 471
780 472
780 473
780 474
780 504
780 505
780 619
780 620
780 621
780 622
780 623
780 624
780 625
781 522
781 523
781 524
781 525
781 526
781 527
781 528
781 530
781 531
782 405
782 448
782 551
783 492
783 493
783 499
783 500
783 502
783 505
783 506
783 507
783 508
783 510
783 663
783 664
784 392
784 393
784 394
784 395
784 396
784 397
784 398
784 399
784 400
784 401
784 402
784 403
784 404
784 471
784 484
784 505
785 459
785 460
786 527
786 528
786 529
786 530
786 531
786 534
786 536
786 537
786 538
786 541
786 542
786 543
786 544
786 545
786 546
786 547
786 548
786 549
786 551
786 552
786 553
786 554
788 511
788 514
788 553
790 368
790 369
790 370
790 478
790 479
790 480
790 481
790 482
790 582
791 450
791 451
791 453
791 553
792 493
793 447
793 448
793 449
793 451
793 452
794 501
794 502
794 538
794 539
794 540
794 541
794 542
794 543
794 544
794 545
794 546
794 547
794 548
795 506
795 561
795 562
795 563
796 478
796 479
796 480
796 481
796 482
796 483
796 484
796 485
796 486
796 487
796 488
797 463
797 464
797 465
797 466
797 467
797 468
797 469
797 470
798 394
798 395
798 397
798 450
798 451
798 452
798 453
798 454
798 455
798 456
798 544
798 545
798 546
798 547
799 396
799 427
799 429
799 438
799 539
799 540
799 544
799 549
799 597
799 598
799 601
800 502
800 503
800 504
800 505
800 506
800 507
800 508
800 509
800 510
801 632
801 633
801 634
801 636
801 637
801 639
802 512
802 513
802 514
802 515
802 516
802 517
802 518
802 519
802 520
802 521
802 522
802 523
802 524
803 557
803 558
803 559
803 560
803 562
804 456
804 457
804 458
804 459
804 460
804 467
804 473
804 474
804 489
804 622
804 623
804 624
804 625
804 626
804 627
804 628
804 629
805 408
806 543
806 544
807 509
807 510
807 511
807 512
807 513
807 514
807 515
807 516
807 517
807 518
807 519
807 520
807 521
807 584
807 585
808 484
808 485
808 486
808 487
808 488
808 489
808 490
809 499
810 484
810 485
810 486
810 487
810 488
811 302
811 303
811 304
811 305
811 306
811 438
811 439
811 440
811 441
811 442
811 443
811 444
811 445
811 463
811 464
811 465
811 466
811 467
811 468
811 469
812 449
812 450
812 451
812 452
812 453
812 454
812 455
812 457
812 458
812 459
812 460
812 461
812 543
812 605
812 606
812 607
812 613
813 472
813 473
813 474
813 475
813 476
813 477
813 480
813 481
813 482
813 483
813 484
813 485
813 486
813 487
813 488
813 489
813 490
813 491
813 492
813 494
813 495
814 451
814 452
814 453
814 454
814 455
814 456
814 457
814 458
814 459
814 460
814 461
814 462
814 463
814 464
815 478
815 482
815 483
815 484
815 501
815 502
815 503
815 504
815 505
815 506
815 507
815 508
815 509
815 510
815 511
815 512
816 405
816 406
816 407
816 408
816 409
816 410
816 413
816 414
816 415
816 416
816 417
816 418
816 419
816 420
816 421
816 423
816 425
816 426
816 504
816 505
816 506
816 507
816 508
816 509
816 510
816 511
816 512
816 513
816 514
816 515
816 516
817 382
817 383
817 384
817 385
817 386
817 387
817 388
817 389
817 390
817 391
817 392
817 393
817 394
817 451
817 452
817 453
817 454
817 495
817 496
817 497
817 498
817 499
817 500
817 501
817 502
817 503
817 504
817 505
817 506
817 507
817 508
817 509
817 510
817 511
817 512
817 518
818 428
818 429
818 430
818 431
818 432
818 433
818 434
818 435
818 476
818 477
818 478
818 479
818 480
818 481
818 482
818 483
818 484
818 485
818 486
818 487
818 488
818 573
818 574
818 575
818 576
818 577
818 578
818 579
818 580
818 581
818 582
819 527
819 528
819 529
819 530
819 531
819 532
819 533
819 534
819 535
819 536
819 537
819 538
819 539
820 409
820 410
823 395
823 396
823 398
823 502
823 503
823 504
823 505
823 507
823 508
823 509
823 510
823 511
823 512
823 513
823 514
823 531
824 566
825 447
825 448
825 449
825 451
825 452
825 453
825 454
825 455
825 456
825 457
825 460
825 463
825 464
826 398
826 451
826 452
826 499
826 500
826 501
826 502
826 503
826 504
826 505
826 577
827 356
827 357
827 358
827 359
827 360
827 361
827 362
827 363
827 364
827 400
827 401
827 402
827 403
827 404
827 405
827 406
827 407
827 408
827 409
827 410
827 411
827 483
828 380
828 381
828 384
828 385
828 386
828 387
828 478
828 479
828 480
828 481
828 482
828 484
828 531
829 531
829 532
829 533
829 534
829 535
829 536
829 537
829 555
829 556
829 557
829 558
830 487
830 488
830 489
830 505
830 506
830 507
830 508
830 509
830 510
830 511
830 512
830 513
830 514
830 515
830 516
830 517
831 419
831 420
831 421
831 447
831 448
831 450
831 451
831 452
831 453
831 454
831 455
831 456
831 457
831 458
832 496
833 333
833 450
833 454
833 455
833 561
833 562
833 563
833 564
833 577
833 578
833 579
833 580
833 640
833 641
833 644
833 645
833 646
833 647
833 648
833 649
834 419
834 421
834 422
834 423
834 425
834 526
834 527
834 528
834 529
834 738
835 422
835 423
835 424
835 425
835 426
836 419
836 421
836 478
836 479
836 480
837 484
838 444
838 445
839 422
839 423
839 511
839 512
839 513
839 514
839 515
839 516
839 517
839 518
839 519
839 520
839 521
839 522
839 523
840 475
840 476
840 477
840 478
840 479
840 480
840 481
840 482
840 483
840 484
841 572
841 573
841 574
841 575
842 493
842 502
842 532
842 533
842 535
842 537
842 541
842 545
842 558
842 559
842 560
842 561
842 563
842 564
843 408
843 485
843 486
843 487
843 488
843 489
843 490
843 491
843 492
843 493
843 494
843 495
843 496
843 497
843 498
843 501
843 575
844 435
844 501
844 534
844 535
844 536
844 537
844 538
844 539
844 540
844 541
844 700
844 701
844 702
844 703
844 704
844 705
844 706
844 707
844 708
844 709
844 710
844 711
844 712
844 713
844 714
845 486
845 487
845 488
845 489
845 490
845 491
845 492
845 493
845 494
845 495
845 496
845 497
845 498
845 499
845 500
845 501
845 502
845 503
845 504
846 543
846 544
846 547
846 548
846 549
846 550
846 551
846 552
846 553
846 554
846 555
847 457
847 458
847 459
847 460
847 461
847 462
847 521
847 523
848 580
848 581
848 582
848 583
849 472
849 473
849 474
849 475
849 476
849 477
849 478
849 479
849 480
853 557
853 558
853 559
853 560
853 561
853 562
853 563
853 564
853 565
853 566
853 567
853 568
853 569
853 570
853 572
853 573
853 618
853 619
854 606
855 412
855 413
855 414
855 415
855 416
855 417
855 418
855 419
855 420
855 421
855 422
855 423
855 424
855 425
855 557
855 558
855 559
855 560
855 561
855 562
855 563
855 564
855 565
855 566
855 567
855 616
855 617
855 618
855 619
855 620
855 621
855 622
855 623
855 624
855 625
855 626
855 671
855 672
855 673
855 674
855 675
855 676
855 677
856 479
856 480
856 481
856 482
856 577
856 620
856 621
856 625
856 626
856 627
856 628
857 398
857 436
857 437
857 438
857 439
857 440
857 441
857 442
857 443
857 444
857 694
858 527
858 528
859 452
859 453
859 454
859 455
859 456
859 457
859 458
859 459
859 460
859 461
859 462
859 463
859 464
859 522
859 523
859 524
859 529
859 530
859 531
859 532
859 533
860 451
860 452
860 453
860 456
862 437
862 438
862 439
862 440
862 441
862 442
862 443
862 444
862 445
862 446
862 447
862 448
862 449
862 559
863 407
863 408
863 409
863 410
863 445
863 451
863 491
863 493
863 494
863 495
863 496
863 497
863 498
863 554
863 555
863 556
863 557
863 558
863 559
863 560
865 593
865 594
865 595
865 596
865 597
865 598
865 599
865 600
865 629
865 630
865 631
865 632
865 633
865 634
865 635
865 636
865 637
865 638
865 639
866 484
866 485
866 486
866 487
866 488
866 489
866 490
866 491
866 492
866 494
867 344
867 345
867 346
867 347
867 348
867 349
867 350
867 351
867 352
867 353
867 513
867 514
867 515
867 516
867 518
869 427
869 430
869 431
869 433
869 434
870 405
870 406
870 407
870 408
870 458
870 501
870 502
870 503
870 504
870 505
870 506
870 507
870 508
870 509
870 510
870 511
870 512
870 513
870 514
872 416
872 417
872 593
872 600
872 601
872 602
872 603
872 604
873 395
873 396
873 397
873 398
873 399
873 400
873 401
873 402
873 403
873 404
873 405
874 478
874 479
874 480
874 481
874 482
874 483
874 484
874 514
874 515
874 516
875 435
875 486
875 487
875 488
875 489
875 490
875 491
875 492
875 493
875 494
875 495
875 496
875 497
875 498
875 499
875 500
875 607
875 608
875 609
875 610
875 611
875 612
875 613
875 614
875 615
875 616
875 617
875 618
875 619
875 637
876 382
876 385
876 386
876 387
876 388
876 389
876 390
876 391
876 392
876 437
876 468
876 469
876 470
876 471
876 530
876 531
876 532
876 533
876 534
876 536
876 579
876 580
876 581
877 368
877 369
877 503
877 504
877 505
877 506
877 507
877 508
877 509
877 510
877 511
877 512
877 550
877 551
877 552
878 507
878 508
878 510
878 511
878 512
878 513
878 514
878 515
878 516
878 517
878 518
878 519
878 520
878 521
878 522
878 527
878 528
878 551
878 552
878 553
878 554
878 555
878 556
878 557
878 558
878 559
878 560
879 419
879 420
879 421
879 422
879 423
879 427
879 428
879 429
879 430
879 431
879 547
879 548
880 467
881 551
881 552
881 553
881 554
881 555
881 556
881 557
881 558
881 559
881 562
881 563
882 330
882 508
882 528
882 529
882 530
882 531
882 532
882 533
882 534
882 535
882 536
882 538
882 539
882 540
883 607
883 608
884 441
884 442
884 482
884 483
884 484
884 485
884 486
884 487
884 488
884 489
884 490
884 491
884 492
884 493
884 494
884 495
886 401
886 405
886 406
886 407
886 408
886 409
886 479
886 480
886 481
886 482
886 483
886 484
886 485
886 486
886 487
886 488
886 489
886 490
886 491
888 432
888 433
888 434
888 435
888 436
888 561
888 562
888 563
888 564
888 565
888 566
888 567
888 568
888 569
888 570
888 571
888 572
888 573
889 430
889 431
889 432
889 433
889 503
889 504
889 505
891 418
891 419
891 420
891 519
891 520
891 521
891 522
891 523
893 499
893 584
893 585
893 586
894 491
894 492
894 493
894 494
894 495
894 496
894 497
894 498
894 499
894 500
894 502
895 466
895 467
895 468
895 470
895 471
895 472
895 473
895 474
895 475
895 476
895 477
895 478
897 363
897 364
897 437
897 438
897 445
897 446
897 447
897 448
897 466
897 467
897 468
897 469
897 470
897 471
897 472
897 473
897 474
897 475
897 476
897 477
897 478
897 479
897 480
897 481
897 482
897 483
897 484
897 485
897 486
897 487
897 488
897 489
897 510
897 511
897 512
897 513
897 514
897 515
897 516
897 517
897 532
897 534
898 475
899 473
899 491
899 492
899 493
899 494
899 495
899 496
899 497
899 498
899 499
899 500
899 501
899 502
899 503
899 504
900 464
900 492
900 493
900 494
900 495
900 502
901 463
901 467
901 557
902 462
902 463
902 464
902 465
902 466
902 467
902 468
902 469
902 470
902 471
902 472
902 473
902 636
902 637
904 488
904 489
904 492
904 493
904 557
904 558
904 559
904 560
904 561
906 432
906 433
906 434
906 435
906 436
906 437
906 438
906 439
906 440
906 441
907 380
907 381
907 382
907 383
907 384
907 385
907 386
907 387
907 388
907 477
907 511
907 531
909 485
909 486
909 487
909 488
909 489
909 490
909 491
909 493
909 537
909 554
909 555
909 556
909 557
909 558
909 559
909 560
909 561
909 562
909 563
909 564
909 565
909 566
909 567
909 568
909 569
910 447
910 471
910 472
910 474
910 475
910 476
911 432
911 433
911 434
911 435
911 436
911 437
911 438
911 439
911 440
911 441
911 530
912 469
912 470
912 471
912 472
912 552
912 553
913 393
913 400
913 401
913 402
913 403
913 404
913 405
913 476
913 477
913 565
913 616
914 471
914 473
914 474
914 706
914 707
915 443
915 510
915 512
917 377
917 380
917 381
917 382
917 383
917 387
917 388
917 389
917 390
917 391
917 459
917 460
917 461
917 510
917 512
917 513
917 514
917 515
917 516
917 517
917 518
917 519
917 520
917 521
917 522
917 523
917 524
917 525
917 528
918 416
918 526
918 527
918 528
918 529
918 530
918 531
918 532
918 533
918 534
918 535
918 587
918 588
918 589
918 590
918 591
918 592
918 593
918 594
918 595
918 596
918 597
918 633
918 634
918 635
919 431
919 432
919 434
919 511
919 512
919 513
919 514
919 515
919 516
919 517
920 588
921 395
922 450
922 456
922 457
922 458
922 459
922 460
922 461
922 462
922 463
922 464
922 465
922 466
922 467
922 468
922 471
922 472
922 473
922 474
922 475
922 476
922 477
922 478
922 479
922 480
922 481
922 482
922 483
923 447
923 448
923 449
923 452
923 529
924 369
924 370
924 371
924 372
924 373
924 379
924 380
925 434
925 436
925 437
925 455
925 456
925 457
925 458
925 459
925 461
925 462
925 463
925 464
925 476
925 477
925 478
925 479
925 480
925 487
925 488
925 514
925 515
925 516
925 666
925 667
925 668
925 669
925 670
926 407
926 408
926 409
926 411
926 413
926 414
926 461
926 462
926 489
926 490
926 491
926 492
926 493
926 494
926 495
926 496
926 497
926 498
926 499
926 500
926 501
926 502
926 503
926 504
926 505
926 525
926 526
926 527
926 528
926 529
926 530
926 531
926 532
926 534
926 535
926 536
927 460
927 461
927 462
927 463
927 464
927 465
927 466
927 467
927 468
927 472
927 523
927 524
927 525
927 526
927 527
927 528
927 529
927 530
928 384
928 387
928 388
928 480
928 554
928 555
928 556
928 557
928 558
928 559
928 567
928 570
928 571
930 468
930 469
930 470
930 471
930 472
930 473
930 474
930 475
930 476
930 477
930 478
930 563
931 484
931 485
931 486
931 487
931 488
931 489
931 490
931 491
931 492
931 493
931 494
931 495
931 496
931 497
931 498
932 505
932 506
932 507
932 508
932 509
932 510
932 511
933 403
933 404
933 428
933 489
933 491
933 495
933 496
933 497
933 529
933 530
933 573
933 574
933 575
933 576
933 577
933 578
934 485
934 486
934 487
934 492
934 493
934 508
934 509
934 510
934 511
934 512
934 513
934 514
934 515
934 516
934 517
935 512
935 513
935 520
935 521
935 522
935 523
935 526
935 527
935 611
935 612
935 613
935 614
935 615
935 616
935 617
936 439
936 450
937 481
937 482
937 483
937 484
937 485
937 486
937 487
937 488
937 489
937 490
937 491
937 492
937 493
937 494
938 474
938 475
938 476
938 477
938 478
938 481
938 485
938 670
938 671
938 672
938 673
938 674
938 675
938 676
944 385
944 534
944 535
944 536
944 546
945 507
945 508
945 509
945 511
945 512
945 513
945 514
945 516
945 517
945 518
945 519
945 520
945 521
946 406
946 407
946 408
946 409
947 449
947 450
947 451
947 452
947 453
947 512
947 513
947 514
947 515
947 516
947 517
947 522
947 523
947 524
947 579
947 580
947 581
947 582
947 583
947 584
947 585
947 586
948 420
948 421
948 422
948 423
948 424
948 425
948 426
948 427
948 450
948 451
948 452
948 453
948 454
948 455
948 456
948 457
948 458
948 459
948 460
948 462
948 463
948 508
948 510
948 511
948 512
948 590
949 406
949 407
949 408
949 409
949 410
949 411
949 412
949 488
949 489
949 490
949 492
949 493
949 494
949 495
949 496
949 497
949 498
949 499
949 500
950 483
950 485
950 486
950 487
950 488
950 489
950 491
950 492
950 493
950 494
950 495
950 496
951 468
951 469
951 470
951 515
951 516
951 517
951 518
953 392
953 393
953 394
953 395
953 396
953 397
953 436
953 437
953 438
953 440
953 512
953 513
953 514
953 515
954 438
955 286
955 287
955 288
955 289
955 290
955 291
955 292
955 293
955 294
955 295
955 296
955 297
955 459
955 563
955 564
955 565
956 597
956 598
956 599
956 600
956 601
956 602
956 603
956 604
956 605
956 606
956 607
956 608
956 609
958 671
958 672
959 450
959 451
959 452
959 455
959 456
959 461
959 543
959 544
959 545
959 546
959 547
960 545
961 461
961 462
961 463
961 464
961 465
961 466
961 467
961 468
961 469
961 470
961 471
961 472
961 473
963 396
964 400
964 401
964 402
964 403
964 404
964 541
964 610
964 613
966 534
966 535
966 536
966 537
966 538
966 539
966 540
966 541
966 542
966 543
966 544
966 545
966 546
966 547
966 557
966 558
966 559
967 525
967 533
967 534
967 594
967 595
967 596
967 598
967 599
967 602
967 603
968 409
968 432
968 433
968 434
968 435
968 455
968 456
968 457
968 458
968 459
968 460
968 461
968 462
968 463
968 573
968 574
968 575
968 576
968 577
969 474
969 476
970 507
970 508
972 392
972 393
972 394
972 483
972 485
972 486
972 488
972 489
972 492
972 493
972 494
972 495
972 496
972 497
972 498
972 499
972 502
972 503
973 409
973 410
973 411
974 530
974 531
974 532
974 533
974 534
974 535
974 540
975 369
975 370
975 371
975 372
975 373
975 420
975 585
977 558
977 585
977 611
978 371
978 372
978 373
978 374
978 375
978 376
978 377
978 378
978 483
979 451
979 452
979 453
979 455
979 456
979 457
979 458
979 459
980 523
980 524
980 525
980 526
980 527
980 528
982 441
982 442
982 443
982 479
982 480
982 481
982 482
982 483
982 484
982 485
982 486
982 487
982 488
982 489
982 490
982 491
982 492
982 559
982 560
983 420
983 421
983 422
983 423
983 424
983 425
983 426
983 583
984 399
984 400
984 492
984 493
984 494
984 495
984 592
985 410
985 411
985 412
985 413
985 414
985 415
985 416
985 417
985 418
985 419
985 420
985 421
985 422
985 491
985 492
985 504
985 505
985 507
985 508
985 509
985 510
985 539
987 519
987 520
987 521
987 522
988 392
988 393
988 397
988 398
988 400
988 401
988 454
988 455
988 457
988 459
988 460
988 461
988 462
988 463
988 464
988 465
988 466
988 474
988 475
988 476
988 494
990 529
990 553
990 557
991 446
991 447
991 529
991 530
991 531
992 397
992 398
992 399
992 400
992 401
992 402
992 403
992 404
992 405
992 406
992 407
992 481
992 484
992 485
992 486
992 487
993 450
993 451
993 452
993 453
993 454
993 455
993 456
993 457
993 458
993 459
993 460
993 461
993 462
993 478
993 479
993 480
993 481
993 511
993 512
993 513
993 515
993 516
993 517
993 544
993 582
993 583
993 585
993 586
993 587
993 588
993 589
993 590
993 591
993 592
993 593
993 594
994 479
994 487
994 508
994 509
994 510
994 511
994 520
994 521
994 522
994 545
994 546
995 432
995 433
997 448
997 449
997 450
998 520
998 521
998 522
998 523
998 524
998 525
998 526
998 569
998 570
998 571
998 572
998 573
998 574
998 575
998 576
998 577
998 578
998 579
999 533
999 537
