seq_id pos_id
1 108
1 111
1 163
1 547
1 63
1 817
1 906
10 128
10 271
10 312
10 340
10 397
10 463
10 469
10 485
10 515
10 531
10 643
10 862
10 876
10 894
10 950
100 102
100 208
100 223
100 372
100 47
100 539
100 862
1000 165
1000 249
1000 28
1000 37
1000 406
1000 642
1000 693
1000 704
1000 746
1000 8
1000 840
1000 882
1000 95
101 259
101 316
101 326
101 36
101 451
101 59
101 681
101 691
101 735
101 824
101 876
101 881
102 108
102 116
102 143
102 263
102 772
102 833
102 879
102 934
102 976
103 200
103 552
103 567
103 631
103 763
103 847
104 173
104 185
104 278
104 388
104 689
104 808
104 827
104 951
105 176
105 266
105 273
105 279
105 360
105 443
105 499
105 536
105 983
106 104
106 119
106 203
106 239
106 254
106 569
106 828
106 855
107 213
107 246
107 3
107 323
107 406
107 488
107 63
107 941
108 230
108 429
108 434
108 565
108 605
108 65
108 709
108 738
108 858
108 880
108 910
108 921
108 97
109 207
109 317
109 378
109 450
109 561
109 798
109 807
11 171
11 223
11 248
11 256
11 305
11 376
11 379
11 597
11 788
11 79
11 807
11 899
110 138
110 162
110 199
110 450
110 485
110 529
110 570
110 62
110 678
110 691
110 806
110 813
110 884
110 930
110 952
111 133
111 196
111 205
111 261
111 308
111 402
111 695
111 723
111 849
111 879
111 978
112 185
112 299
112 498
112 593
112 655
112 764
113 173
113 561
113 597
113 603
113 8
113 824
113 855
114 115
114 146
114 178
114 342
114 64
114 811
114 830
115 129
115 137
115 257
115 302
115 375
115 383
115 575
115 658
115 819
115 883
115 918
115 920
116 2
116 286
116 305
116 493
116 612
116 619
116 626
116 647
116 720
116 8
116 889
116 906
117 272
117 386
117 443
117 63
117 642
117 811
117 984
117 988
118 155
118 414
118 559
118 715
118 901
119 377
119 463
119 681
119 754
119 77
119 957
119 990
12 102
12 152
12 20
12 210
12 304
12 349
12 359
12 367
12 442
12 464
12 603
12 618
12 634
12 766
12 904
120 151
120 249
120 392
120 546
120 859
120 875
120 894
120 905
120 978
120 986
121 289
121 438
121 468
121 61
121 652
121 661
121 72
121 853
121 963
122 139
122 304
122 314
122 354
122 525
122 760
122 869
123 200
123 249
123 25
123 367
123 42
123 537
123 558
123 865
124 125
124 167
124 214
124 288
124 694
124 697
124 850
124 851
124 879
125 126
125 304
125 351
125 355
125 486
125 742
125 752
125 753
125 8
125 816
125 873
125 99
126 177
126 317
126 434
126 445
126 463
126 753
126 758
127 133
127 434
127 516
127 852
127 908
127 947
128 408
128 458
128 525
128 563
128 679
128 854
128 903
128 979
129 109
129 183
129 28
129 316
129 411
129 61
129 612
129 669
129 877
13 152
13 155
13 261
13 275
13 54
13 561
13 562
13 661
13 697
13 754
13 935
130 12
130 141
130 195
130 272
130 381
130 448
130 516
130 517
130 564
130 667
130 825
131 128
131 255
131 300
131 311
131 38
131 535
131 74
131 847
131 912
132 22
132 260
132 380
132 500
132 598
132 636
132 85
132 860
132 866
133 41
133 447
133 513
133 541
133 590
133 612
133 644
133 871
134 17
134 170
134 468
134 530
134 578
134 583
134 607
134 610
134 695
134 935
135 239
135 37
135 413
135 563
135 641
135 670
135 754
135 778
135 809
135 840
135 86
135 938
135 953
136 194
136 505
136 626
137 134
137 14
137 267
137 621
137 904
137 962
138 135
138 201
138 420
138 425
138 770
138 99
139 277
139 327
139 560
139 637
139 685
139 696
139 870
14 195
14 336
14 358
14 388
14 448
14 60
14 845
14 909
140 110
140 179
140 25
140 494
140 545
140 938
140 986
141 246
141 33
141 555
141 618
141 913
142 116
142 124
142 206
142 272
142 413
142 440
142 532
143 118
143 142
143 293
143 339
143 380
143 4
143 462
143 53
143 616
143 644
143 669
143 762
143 800
143 888
143 921
144 129
144 157
144 329
144 382
144 413
144 44
144 477
144 596
144 643
144 658
144 725
144 794
144 803
144 825
145 222
145 306
145 52
145 562
145 601
145 641
145 671
145 7
145 737
145 941
145 952
146 121
146 181
146 240
146 278
146 310
146 478
146 517
146 538
146 543
146 623
146 805
146 839
146 939
147 144
147 209
147 270
147 418
147 430
147 435
147 484
147 502
147 535
147 558
147 574
147 578
147 611
147 70
147 703
147 781
147 836
147 914
147 964
148 176
148 343
148 350
148 465
148 520
148 735
148 802
148 833
148 878
148 955
149 217
149 252
149 410
149 442
149 579
149 58
149 65
149 752
149 754
149 772
15 316
15 573
15 584
15 642
15 901
150 116
150 154
150 161
150 227
150 323
150 333
150 342
150 390
150 458
150 645
150 746
150 809
150 850
150 950
151 2
151 290
151 323
151 342
151 445
151 449
151 460
151 520
151 779
151 852
151 886
151 968
151 971
152 14
152 163
152 22
152 279
152 418
152 607
152 656
152 662
152 945
153 152
153 369
153 555
153 608
153 621
153 72
153 757
153 834
153 841
154 208
154 229
154 230
154 375
154 4
154 437
154 534
154 83
154 901
154 961
155 208
155 231
155 251
155 280
155 490
155 65
155 707
155 740
155 906
156 130
156 196
156 336
156 446
156 613
156 884
156 97
156 984
157 122
157 133
157 265
157 3
157 339
157 389
157 39
157 403
157 535
157 559
157 773
157 90
157 952
158 152
158 230
158 525
158 533
158 587
158 765
158 780
158 98
159 171
159 2
159 313
159 504
159 552
159 668
159 706
159 855
159 856
16 141
16 145
16 18
16 181
16 225
16 289
16 309
16 337
16 400
16 437
16 449
16 621
16 691
16 709
16 719
16 790
16 866
16 877
16 959
160 136
160 325
160 353
160 363
160 486
160 494
160 520
160 535
160 557
160 558
160 613
160 619
160 706
160 862
160 883
160 904
160 911
161 122
161 227
161 296
161 380
161 622
162 122
162 172
162 221
162 286
162 371
162 381
162 449
162 802
162 803
162 866
162 953
163 123
163 186
163 2
163 239
163 288
163 346
163 43
163 541
163 609
163 653
163 797
163 849
163 879
163 916
164 37
164 408
164 441
164 511
164 755
164 973
165 155
165 176
165 267
165 29
165 439
165 56
165 632
165 768
165 855
165 924
165 938
166 140
166 170
166 232
166 332
166 358
166 360
166 481
166 50
166 629
166 901
166 977
167 140
167 176
167 268
167 391
167 467
167 509
167 628
167 651
168 11
168 15
168 347
168 380
168 576
168 702
168 713
168 826
168 856
168 877
168 887
169 253
169 286
169 341
169 430
169 55
169 591
169 64
169 656
169 693
169 772
169 795
169 976
169 991
17 32
17 515
17 642
17 644
17 770
17 876
17 893
170 220
170 336
170 371
170 423
170 723
170 751
170 901
171 136
171 176
171 198
171 2
171 298
171 422
171 496
171 634
171 647
171 774
171 812
172 258
172 303
172 333
172 471
172 553
172 735
173 265
173 278
173 4
173 401
173 525
173 664
173 748
174 278
174 31
174 424
174 530
174 613
174 670
174 791
174 8
174 807
174 82
174 846
175 156
175 167
175 345
175 532
175 604
175 624
175 651
175 666
175 70
175 700
175 875
176 239
176 252
176 324
176 407
176 493
176 561
176 593
176 631
176 99
177 113
177 252
177 260
177 393
178 133
178 235
178 272
178 276
178 56
178 624
178 664
178 675
178 7
178 72
178 726
178 744
178 758
178 775
178 930
178 965
179 214
179 22
179 294
179 327
179 394
179 668
179 776
179 808
179 811
179 960
18 184
18 301
18 508
18 621
180 154
180 222
180 333
180 551
180 661
180 75
180 845
180 846
180 949
180 988
181 117
181 165
181 598
181 879
181 934
182 181
182 215
182 290
182 306
182 357
182 475
182 477
182 572
182 957
183 261
183 330
183 442
183 573
183 631
183 836
183 906
184 30
184 331
184 356
184 406
184 476
184 650
184 67
184 746
184 768
184 778
184 874
184 985
185 2
185 219
185 244
185 300
185 301
185 306
185 655
185 794
185 821
185 85
185 938
186 172
186 232
186 511
186 530
186 636
186 652
186 670
186 776
186 783
186 787
186 891
187 113
187 156
187 193
187 225
187 279
187 332
187 426
187 430
187 473
187 476
187 478
187 596
187 689
187 696
187 708
187 748
187 76
187 852
187 989
188 195
188 247
188 339
188 343
188 414
188 43
188 512
188 580
188 664
188 691
188 865
188 981
189 150
189 185
189 187
189 216
189 370
189 402
189 444
189 465
189 475
189 52
189 630
189 664
189 684
189 719
189 776
189 82
189 849
189 859
189 87
189 895
189 976
19 102
19 15
19 174
19 268
19 275
19 283
19 546
19 585
19 673
19 699
19 792
19 798
19 885
19 917
19 960
190 330
190 357
190 394
190 578
190 583
190 623
190 736
190 926
191 117
191 197
191 298
191 427
191 435
191 464
191 477
191 575
191 641
191 728
191 93
191 966
192 138
192 164
192 271
192 319
192 331
192 526
192 600
192 608
192 643
192 678
192 701
192 71
192 736
192 774
192 912
192 928
192 965
193 190
193 201
193 209
193 261
193 269
193 279
193 372
193 418
193 429
193 456
193 496
193 592
193 620
193 686
193 7
193 741
193 813
193 936
194 108
194 242
194 261
194 394
194 444
194 454
194 472
194 489
194 539
194 724
194 809
194 959
194 977
194 984
195 11
195 272
195 273
195 438
195 475
195 521
195 643
195 644
195 759
195 785
195 975
196 223
196 419
196 46
196 618
196 699
196 838
196 877
196 959
196 965
197 121
197 222
197 339
197 420
197 478
197 509
197 586
197 701
197 863
197 984
198 123
198 27
198 490
198 520
198 636
198 640
198 828
199 299
199 324
199 365
199 392
199 464
2 167
2 217
2 296
2 43
2 534
2 556
2 805
2 882
2 894
2 900
2 903
20 117
20 148
20 217
20 48
20 522
20 639
20 650
20 757
20 895
200 145
200 237
200 601
200 691
200 76
200 86
200 874
200 916
201 164
201 224
201 232
201 324
201 37
201 393
201 403
201 43
201 442
201 480
201 534
201 816
201 84
201 883
202 21
202 357
202 480
202 583
202 650
202 91
202 938
202 956
202 979
203 241
203 272
203 345
203 389
203 39
203 396
203 492
203 624
203 641
203 855
203 893
203 898
203 938
203 957
204 142
204 206
204 288
204 310
204 322
204 437
204 637
204 678
204 695
204 696
204 70
204 747
204 934
205 185
205 312
205 466
205 483
205 712
205 762
205 776
205 795
205 842
205 94
206 103
206 342
206 701
206 73
206 821
206 885
206 946
207 110
207 251
207 267
207 332
207 334
207 414
207 441
207 488
207 53
207 552
207 596
207 666
207 686
207 939
207 954
208 1
208 240
208 39
208 514
208 627
208 662
208 666
208 674
208 80
208 871
209 123
209 156
209 178
209 203
209 244
209 275
209 309
209 324
209 404
209 406
209 416
209 53
209 668
209 798
209 816
209 870
209 874
209 876
21 10
21 122
21 132
21 607
21 611
210 434
210 520
210 549
210 601
210 711
210 906
211 145
211 335
211 394
211 543
211 550
211 555
211 736
211 778
211 791
211 792
212 127
212 15
212 405
212 445
212 773
212 793
212 896
212 981
213 326
213 366
213 417
213 437
213 557
213 581
213 763
213 820
213 851
213 861
213 950
214 125
214 215
214 265
214 365
214 429
214 435
214 486
214 593
214 598
214 714
214 731
215 15
215 153
215 209
215 22
215 376
215 441
215 479
215 524
215 742
215 763
215 800
215 839
215 866
215 9
215 966
216 287
216 39
216 422
216 524
216 558
216 59
216 651
216 768
216 890
216 895
217 118
217 208
217 238
217 289
217 44
217 461
217 580
217 601
217 614
217 707
218 165
218 20
218 226
218 311
218 502
218 51
218 616
218 638
218 682
218 848
218 991
219 345
219 351
219 419
219 720
219 754
219 880
219 897
22 134
22 153
22 216
22 272
22 455
22 517
22 536
22 628
220 154
220 250
220 254
220 281
220 411
220 473
220 533
220 6
220 641
220 842
220 876
220 882
220 918
221 253
221 334
221 497
221 696
221 777
221 800
221 833
222 1
222 131
222 287
222 30
222 318
222 673
222 737
222 747
222 750
222 964
223 306
223 35
223 423
223 519
223 606
223 63
223 765
223 973
224 132
224 14
224 193
224 238
224 287
224 380
224 482
224 502
224 626
224 745
224 868
225 103
225 109
225 160
225 19
225 23
225 286
225 425
225 56
225 595
225 634
225 666
225 693
225 721
225 790
225 84
225 983
226 104
226 116
226 167
226 266
226 409
226 44
226 52
226 535
226 588
226 609
226 65
226 805
226 84
226 933
227 122
227 21
227 278
227 532
227 575
227 577
227 655
227 682
227 70
227 730
227 837
227 963
228 147
228 152
228 200
228 281
228 317
228 39
228 411
228 493
228 512
228 535
228 586
228 593
228 739
228 81
228 859
228 877
228 937
228 940
229 249
229 260
229 650
229 710
23 110
23 148
23 213
23 271
23 330
23 89
23 896
230 115
230 220
230 227
230 26
230 339
230 341
230 48
230 677
231 303
231 535
231 66
231 774
231 865
231 951
231 964
231 967
232 404
232 406
232 41
232 535
232 677
232 814
232 87
232 913
232 95
233 210
233 590
233 60
233 658
233 724
234 251
234 406
234 607
234 673
234 776
234 812
235 123
235 137
235 18
235 262
235 326
235 335
235 513
235 799
236 220
236 221
236 28
236 33
236 636
236 819
236 840
236 911
236 986
237 115
237 355
237 456
237 533
237 538
237 593
237 745
237 85
237 95
238 224
238 340
238 402
238 415
238 523
238 618
238 667
238 810
238 819
238 827
238 852
238 969
239 123
239 138
239 157
239 165
239 249
239 318
239 334
239 336
239 509
239 7
239 700
239 901
24 124
24 14
24 332
24 377
24 416
24 457
24 631
24 709
24 96
240 301
240 373
240 377
240 532
240 821
241 269
241 284
241 384
241 40
241 475
241 476
241 605
241 650
241 693
241 782
241 878
242 270
242 301
242 379
242 456
242 700
242 736
242 762
242 835
242 876
242 899
242 954
242 977
242 990
243 135
243 36
243 409
243 421
243 487
243 508
243 561
243 605
243 634
243 661
243 754
244 213
244 30
244 304
244 334
244 376
244 402
244 539
244 741
244 976
244 981
245 265
245 437
245 565
245 707
245 848
245 95
246 166
246 186
246 258
246 296
246 4
246 492
246 819
246 827
247 249
247 372
247 731
247 824
248 161
248 195
248 287
248 321
248 33
248 511
248 661
248 774
248 786
248 858
248 906
248 973
249 456
249 515
249 548
249 621
249 665
249 726
249 944
249 984
25 244
25 280
25 293
25 305
25 376
25 431
25 484
25 485
25 972
250 388
250 418
250 530
250 627
250 633
250 650
250 708
250 770
250 812
250 859
251 106
251 203
251 448
251 520
251 562
251 617
251 633
251 664
251 78
251 820
251 827
251 855
252 101
252 202
252 248
252 341
252 732
252 822
252 97
252 973
253 186
253 261
253 456
253 574
253 68
253 709
253 84
254 194
254 226
254 304
254 432
254 66
254 679
254 937
254 942
254 964
255 123
255 161
255 174
255 237
255 251
255 266
255 426
255 523
255 573
255 603
255 676
255 697
255 740
255 834
255 863
256 205
256 275
256 396
256 408
256 44
256 492
256 513
256 627
256 824
257 13
257 482
257 625
257 626
257 630
257 640
257 650
257 852
257 893
257 98
257 991
258 347
258 476
258 60
258 610
258 774
258 862
258 930
259 126
259 148
259 173
259 178
259 182
259 423
259 535
259 720
259 73
259 81
259 862
26 122
26 431
26 946
260 248
260 595
260 597
260 839
260 860
260 967
261 100
261 170
261 354
261 355
261 504
261 61
261 710
261 89
261 910
261 955
262 258
262 357
262 36
262 71
262 911
262 955
262 962
262 980
263 137
263 180
263 590
263 591
263 6
263 702
263 720
263 723
263 988
264 18
264 244
264 254
264 437
264 454
264 582
264 722
264 729
264 749
264 783
264 855
264 885
264 902
265 128
265 167
265 684
265 707
265 77
265 774
265 793
265 851
265 979
266 194
266 460
266 479
266 484
266 83
266 837
266 85
266 854
266 901
267 134
267 262
267 286
267 362
267 364
267 374
267 387
267 461
267 667
267 740
267 760
267 886
268 10
268 347
268 538
268 583
268 705
268 706
268 812
268 821
268 842
268 93
269 116
269 179
269 204
269 272
269 405
269 534
269 546
269 619
269 674
269 834
269 845
269 848
27 312
27 324
27 643
27 684
27 866
27 882
27 906
27 935
27 937
27 967
270 164
270 204
270 25
270 483
270 542
270 661
270 673
270 718
270 834
270 900
270 990
271 314
271 360
271 607
271 62
271 745
271 815
271 88
271 908
271 983
272 102
272 17
272 233
272 339
272 626
272 673
272 711
272 842
273 114
273 185
273 535
273 617
273 648
273 728
273 776
273 87
274 397
274 489
274 495
274 498
274 54
274 746
274 776
274 784
274 795
274 832
274 888
274 990
275 272
275 38
275 383
275 697
275 791
275 833
275 914
276 127
276 208
276 245
276 278
276 283
276 423
276 500
276 506
276 540
276 565
276 65
276 806
276 833
276 903
276 915
276 927
276 949
277 194
277 203
277 297
277 357
277 654
277 878
277 971
277 990
278 100
278 152
278 282
278 314
278 521
278 699
278 977
279 10
279 335
279 363
279 539
279 740
279 807
279 853
279 919
279 930
279 977
28 156
28 226
28 233
28 240
28 420
28 447
28 50
28 590
28 644
28 653
28 697
28 760
28 82
28 901
280 297
280 31
280 370
280 392
280 408
280 447
280 496
280 543
280 603
280 679
281 109
281 112
281 235
281 288
281 355
281 413
281 602
281 634
281 81
281 870
281 888
281 958
282 116
282 140
282 142
282 651
282 714
282 855
282 864
282 918
283 309
283 838
283 90
284 178
284 18
284 308
284 429
284 534
284 733
284 93
284 961
285 319
285 344
285 461
285 475
285 723
285 74
285 757
285 805
285 982
285 990
286 118
286 177
286 257
286 317
286 342
286 457
286 526
286 726
286 801
286 880
287 163
287 186
287 208
287 267
287 311
287 463
287 620
287 762
288 21
288 526
288 545
288 572
288 761
288 879
288 886
288 891
289 189
289 231
289 428
289 481
289 518
289 624
289 848
289 852
289 919
29 116
29 219
29 249
29 271
29 33
29 419
29 461
29 527
29 540
29 772
29 837
29 855
29 894
29 948
290 123
290 129
290 445
290 463
290 470
290 488
290 606
290 627
290 732
290 748
290 840
291 130
291 151
291 170
291 273
291 364
291 496
291 573
291 638
291 671
291 853
291 96
291 969
291 975
292 124
292 317
292 500
292 522
292 562
292 641
292 880
292 950
293 131
293 281
293 479
293 564
293 571
293 943
294 179
294 354
294 391
294 408
294 604
294 676
294 68
294 836
295 194
295 252
295 282
295 472
295 492
295 536
295 590
295 663
295 675
295 729
295 901
295 928
295 967
295 976
296 212
296 242
296 277
296 402
296 581
296 600
296 635
296 675
296 682
296 698
296 816
296 819
296 868
296 908
297 357
297 626
297 695
297 719
297 795
298 231
298 238
298 262
298 290
298 293
298 384
298 511
298 617
298 703
298 796
298 898
298 957
299 153
299 268
299 276
299 289
299 331
299 345
299 49
299 503
299 704
299 852
299 93
299 948
3 123
3 132
3 31
3 341
3 356
3 794
3 88
3 908
3 914
3 917
30 11
30 160
30 176
30 206
30 403
30 439
30 473
30 766
30 888
30 893
30 905
300 123
300 143
300 160
300 176
300 207
300 246
300 286
300 347
300 381
300 408
300 415
300 517
300 541
300 620
300 656
300 906
300 924
300 942
301 161
301 241
301 243
301 334
301 392
301 448
301 470
301 5
301 567
301 762
301 872
301 950
301 981
302 219
302 388
302 465
302 531
302 701
302 750
302 794
302 836
303 181
303 182
303 579
303 676
303 702
303 706
303 838
303 897
304 27
304 380
304 521
304 609
304 673
304 711
304 751
304 786
304 823
304 944
305 145
305 275
305 282
305 284
305 590
306 15
306 247
306 254
306 273
306 319
306 324
306 369
306 375
306 490
306 508
306 60
306 66
306 677
306 750
306 757
306 841
306 90
306 940
307 111
307 346
307 536
307 567
307 591
307 655
307 74
307 753
307 830
307 906
307 969
308 309
308 551
308 555
308 602
308 717
308 800
308 858
308 892
309 366
309 391
309 418
309 456
309 543
309 72
309 945
31 196
31 293
31 459
31 493
31 5
31 536
31 545
31 550
31 587
31 612
31 713
31 936
31 97
310 206
310 361
310 463
310 587
310 623
310 689
310 693
310 945
310 962
310 988
311 157
311 250
311 394
311 525
311 540
311 567
311 78
311 811
312 146
312 256
312 261
312 343
312 352
312 433
312 479
312 501
312 569
312 724
312 764
312 858
313 190
313 211
313 234
313 235
313 301
313 352
313 362
313 413
313 423
313 48
313 50
313 557
313 574
313 648
313 94
313 980
314 111
314 157
314 387
314 460
314 549
314 703
314 878
315 217
315 230
315 394
315 445
315 473
315 637
315 66
315 660
315 685
315 736
315 806
316 127
316 129
316 171
316 447
316 478
316 491
316 54
316 574
316 614
316 792
316 802
317 100
317 387
317 644
317 663
317 832
317 864
317 878
317 883
317 923
317 969
318 171
318 175
318 271
318 289
318 389
318 425
318 438
318 728
318 780
318 837
318 840
318 875
318 898
318 972
318 98
319 190
319 435
319 438
319 450
319 610
319 655
319 666
319 71
319 816
319 865
319 919
319 983
32 110
32 206
32 295
32 367
32 410
32 506
32 629
32 682
32 799
32 838
32 869
32 895
32 918
320 237
320 322
320 340
320 369
320 418
320 48
320 550
320 580
320 639
320 823
320 910
321 144
321 157
321 219
321 414
321 48
321 506
321 511
321 564
321 603
321 732
321 757
321 774
321 862
321 881
321 928
322 230
322 530
322 692
322 799
322 843
322 934
322 94
323 146
323 335
323 438
323 490
323 574
323 584
323 877
323 881
324 1
324 276
324 326
324 454
324 461
324 559
324 646
324 799
324 836
324 890
324 983
325 121
325 268
325 357
325 372
325 434
325 50
325 542
325 577
325 617
325 652
325 728
325 76
325 844
325 951
326 243
326 370
326 399
326 410
326 656
326 718
326 733
326 820
326 832
326 878
326 926
326 930
327 114
327 167
327 265
327 273
327 339
327 353
327 389
327 419
327 43
327 469
327 748
327 817
327 929
328 121
328 125
328 136
328 149
328 212
328 359
328 621
328 632
328 793
328 934
328 938
329 217
329 4
329 523
329 529
329 665
329 689
329 693
329 761
33 101
33 34
33 539
33 570
33 754
33 756
33 814
33 858
33 875
33 906
33 970
330 201
330 317
330 390
330 401
330 485
330 512
330 562
330 641
330 646
330 656
330 75
330 759
330 964
330 965
331 150
331 259
331 297
331 341
331 409
331 62
331 679
331 719
331 725
331 771
331 776
331 778
331 824
331 939
331 968
332 159
332 200
332 242
332 282
332 294
332 397
332 545
332 696
332 82
332 935
333 182
333 331
333 41
333 490
333 544
333 605
333 68
333 708
333 826
333 894
333 916
333 923
334 10
334 136
334 163
334 23
334 25
334 256
334 316
334 389
334 456
334 617
334 699
334 732
334 892
335 230
335 409
335 575
335 657
336 1
336 12
336 159
336 290
336 382
336 53
336 561
336 615
336 755
336 757
336 834
336 847
337 338
337 343
337 355
337 437
337 599
337 605
337 647
337 80
337 866
337 884
338 247
338 267
338 368
338 401
338 45
338 49
338 653
338 727
338 733
338 735
338 829
338 908
339 130
339 16
339 194
339 197
339 255
339 358
339 483
339 579
339 623
339 709
339 722
339 811
339 918
339 973
34 123
34 14
34 150
34 163
34 207
34 389
34 845
34 929
34 947
340 259
340 270
340 325
340 402
340 421
340 45
340 490
340 596
340 73
340 753
340 877
340 905
341 16
341 191
341 272
341 365
341 368
341 376
341 432
341 449
341 608
341 622
341 687
341 781
341 860
341 945
342 530
342 546
342 580
342 642
342 665
342 726
342 807
343 122
343 394
343 42
343 490
343 530
343 599
343 634
343 679
343 820
343 842
343 861
343 869
344 267
344 457
344 599
344 638
344 700
344 734
344 938
345 119
345 229
345 278
345 434
345 454
345 459
345 47
345 498
345 704
345 768
345 869
345 89
345 943
346 195
346 316
346 325
346 49
346 510
346 516
346 521
346 586
346 862
346 888
346 919
346 983
347 331
347 417
347 549
347 603
347 667
347 724
347 731
348 130
348 147
348 265
348 271
348 325
348 364
348 414
348 611
348 620
348 655
349 110
349 122
349 144
349 23
349 230
349 311
349 315
349 326
349 329
349 426
349 44
349 499
349 542
349 545
349 639
349 799
349 86
349 952
349 975
349 989
35 110
35 131
35 183
35 399
35 479
35 566
35 715
35 979
350 327
350 343
350 574
350 628
350 920
351 15
351 325
351 327
351 745
351 78
352 257
352 261
352 290
352 312
352 322
352 398
352 547
352 940
353 22
353 227
353 23
353 366
353 410
353 478
353 491
353 588
353 63
353 646
353 676
353 718
353 788
353 840
353 929
354 157
354 166
354 33
354 343
354 426
354 614
354 695
354 706
354 737
354 757
354 888
354 99
355 264
355 290
355 30
355 346
355 412
355 549
355 562
355 607
355 653
355 711
355 812
355 821
355 822
355 903
355 918
355 959
356 125
356 126
356 246
356 287
356 307
356 352
356 395
356 456
356 457
356 626
356 66
356 7
356 753
356 83
356 91
356 936
356 959
356 978
356 988
357 118
357 164
357 360
357 37
357 622
357 665
357 701
357 811
357 865
357 909
358 140
358 372
358 406
358 432
358 48
358 518
358 631
358 682
358 788
359 235
359 257
359 400
359 462
359 509
359 640
359 643
359 722
359 788
359 861
359 898
359 937
36 116
36 206
36 793
360 242
360 378
360 401
360 556
360 565
360 738
360 853
360 856
360 977
361 466
361 594
361 690
361 886
361 99
362 507
362 544
362 559
362 560
362 608
362 723
362 74
362 752
362 844
362 849
362 876
362 921
362 958
363 143
363 191
363 341
363 450
363 584
363 642
363 83
363 95
364 100
364 395
364 500
364 542
364 593
364 727
365 254
365 33
365 367
365 368
365 485
365 593
365 606
365 710
365 763
365 947
366 417
366 447
366 48
366 52
366 521
366 590
366 73
366 921
366 967
367 186
367 287
367 315
367 441
367 531
367 587
367 655
367 976
368 201
368 364
368 445
368 513
368 544
368 584
368 614
368 623
368 625
368 632
368 665
368 76
368 81
368 834
368 864
368 95
369 474
369 658
369 752
369 831
369 879
369 901
369 915
37 151
37 165
37 290
37 419
37 466
37 711
37 834
37 935
37 946
37 974
37 981
370 129
370 304
370 35
370 376
370 443
370 6
370 731
370 835
370 860
370 863
371 223
371 225
371 227
371 314
371 317
371 439
371 540
371 577
371 586
371 72
371 775
371 809
371 810
371 893
372 181
372 261
372 320
372 356
372 513
372 574
372 675
372 690
372 737
372 77
372 833
372 94
373 156
373 186
373 283
373 381
373 382
373 391
373 422
373 476
373 652
373 720
373 732
374 131
374 163
374 22
374 251
374 306
374 359
374 516
374 720
374 943
374 971
375 113
375 118
375 285
375 30
375 328
375 63
375 729
375 770
375 920
375 923
375 933
376 108
376 16
376 31
376 651
376 816
376 877
377 124
377 359
377 42
377 485
377 709
377 726
377 89
377 911
378 12
378 186
378 189
378 222
378 272
378 277
378 310
378 385
378 502
378 639
378 65
378 678
378 789
379 100
379 164
379 190
379 275
379 31
379 435
379 458
379 648
379 681
379 735
379 743
379 790
38 156
38 178
38 328
38 386
38 389
38 512
38 734
38 756
38 815
380 272
380 330
380 37
380 392
380 408
380 462
380 696
380 808
380 882
380 9
381 45
381 498
381 515
381 572
381 65
381 766
381 821
382 143
382 479
382 499
382 518
382 596
382 727
383 178
383 411
383 452
383 481
383 565
383 572
383 638
383 685
384 339
384 479
384 68
384 815
385 105
385 106
385 291
385 679
385 682
385 829
385 872
386 119
386 393
386 555
386 671
386 840
386 885
386 919
386 987
387 117
387 218
387 404
387 429
387 646
387 723
387 79
387 821
387 844
388 11
388 167
388 296
388 373
388 624
388 646
388 874
389 145
389 271
389 295
389 414
389 551
389 573
389 701
39 134
39 288
39 293
39 362
39 400
39 47
39 492
39 494
39 559
39 605
39 742
39 911
390 116
390 188
390 224
390 227
390 287
390 357
390 362
390 4
390 408
390 542
390 590
390 648
390 650
390 700
390 727
390 784
390 82
390 938
391 206
391 357
391 375
391 479
391 598
391 608
391 616
391 803
391 859
392 301
392 34
392 461
392 832
392 880
393 188
393 299
393 409
393 480
393 526
393 727
393 734
393 750
393 783
393 83
393 948
394 23
394 309
394 608
394 78
394 833
394 969
395 13
395 150
395 249
395 362
395 426
395 454
395 49
395 520
395 629
395 789
395 834
395 864
395 991
396 180
396 231
396 469
396 538
396 790
396 861
396 87
397 435
397 571
397 611
397 616
397 698
397 793
397 874
397 903
398 10
398 217
398 39
398 62
398 72
398 949
399 124
399 309
399 570
399 572
399 857
399 880
4 101
4 172
4 216
4 269
4 274
4 297
4 664
4 910
4 983
40 110
40 155
40 228
40 373
40 522
40 535
40 592
40 674
40 720
40 876
40 902
40 988
400 469
400 591
400 897
400 903
401 126
401 196
401 21
401 232
401 454
401 919
401 955
401 974
402 12
402 142
402 167
402 220
402 292
402 305
402 325
402 387
402 441
402 544
402 71
402 73
402 880
403 129
403 142
403 22
403 551
403 578
403 657
403 717
404 332
404 444
404 514
404 584
404 672
404 704
404 785
404 823
404 87
405 108
405 148
405 244
405 529
405 53
405 531
405 551
405 698
405 777
405 824
405 846
405 90
405 927
405 987
406 386
406 586
406 735
406 890
407 101
407 183
407 298
407 314
407 405
407 932
408 213
408 31
408 333
408 537
408 574
408 820
409 221
409 315
409 356
409 374
409 416
409 434
409 472
409 555
409 640
409 77
409 882
409 904
409 981
41 109
41 179
41 394
41 86
41 902
410 158
410 183
410 463
410 551
410 81
410 940
411 127
411 229
411 331
411 413
411 45
411 59
411 636
411 688
411 731
411 893
412 189
412 227
412 250
412 44
412 485
412 577
412 654
412 730
412 879
412 954
413 103
413 107
413 148
413 468
413 653
413 836
413 969
414 425
414 438
414 533
414 553
414 581
414 706
414 907
414 956
415 186
415 202
415 26
415 390
415 402
415 476
415 592
415 684
415 737
415 76
415 829
415 880
415 968
416 239
416 286
416 299
416 31
416 451
416 501
416 678
416 775
416 858
416 894
417 101
417 269
417 308
417 358
417 434
417 487
417 491
417 495
417 715
417 796
417 873
417 89
417 900
418 115
418 230
418 639
418 660
418 787
419 138
419 184
419 2
419 241
419 406
419 489
419 579
419 683
419 695
419 703
419 733
419 870
419 878
419 904
419 918
419 953
42 161
42 28
42 288
42 546
42 744
42 750
420 12
420 247
420 254
420 303
420 320
420 326
420 414
420 499
420 508
420 524
420 597
420 656
420 707
420 829
420 844
421 18
421 39
421 515
421 624
421 661
421 739
421 762
421 832
421 837
421 882
421 929
422 104
422 116
422 300
422 576
422 607
422 706
422 818
422 932
423 139
423 205
423 39
423 519
423 577
423 730
423 833
423 957
424 132
424 3
424 389
424 430
424 443
424 581
424 693
424 721
424 886
425 135
425 186
425 292
425 360
425 434
425 563
425 594
425 644
425 884
425 918
425 932
425 958
426 554
426 699
426 739
426 753
427 131
427 162
427 220
427 275
427 51
427 536
427 569
427 774
427 824
427 853
427 871
427 950
428 15
428 313
428 436
428 498
428 511
428 728
428 761
428 89
428 955
429 138
429 354
429 396
429 505
429 698
429 891
43 163
43 233
43 257
43 336
43 349
43 445
43 472
43 62
43 71
43 841
43 861
43 874
43 916
43 98
430 23
430 381
430 446
430 448
430 522
430 647
430 758
430 789
430 862
431 369
431 433
431 555
431 888
432 11
432 122
432 267
432 372
432 412
432 631
432 659
432 748
432 806
432 880
433 152
433 295
433 37
433 440
433 491
433 532
433 691
433 733
433 79
433 874
433 897
434 137
434 216
434 287
434 411
434 44
434 469
434 516
434 578
434 774
434 837
434 935
434 973
435 1
435 27
435 355
435 357
435 45
435 589
435 667
435 780
435 860
435 921
436 127
436 214
436 224
436 357
436 652
437 170
437 194
437 344
437 749
437 908
437 933
437 940
438 220
438 240
438 32
438 582
438 622
438 656
438 773
438 834
438 92
438 941
439 133
439 16
439 414
439 475
439 481
439 666
439 747
439 814
439 830
439 990
44 13
44 154
44 366
44 466
44 5
44 567
44 718
44 774
44 810
44 936
44 96
440 122
440 241
440 250
440 254
440 317
440 452
440 483
440 606
440 617
440 714
440 874
440 988
441 203
441 216
441 24
441 255
441 496
441 615
441 636
441 750
441 767
441 85
442 17
442 348
442 573
442 652
442 659
442 917
443 296
443 332
443 364
443 366
443 466
443 559
443 599
443 651
443 792
444 151
444 227
444 312
444 323
444 461
444 521
444 8
444 86
444 884
444 90
445 115
445 162
445 558
445 641
445 786
445 85
446 138
446 151
446 159
446 300
446 458
446 565
446 606
446 738
446 919
446 95
446 987
447 118
447 119
447 20
447 36
447 639
447 776
447 920
448 102
448 255
448 416
448 51
448 606
448 768
448 807
448 810
448 874
448 899
449 111
449 162
449 247
449 254
449 276
449 468
449 590
449 616
449 851
449 857
449 90
45 145
45 186
45 225
45 293
45 306
45 359
45 476
45 581
45 612
45 683
45 845
450 242
450 321
450 593
450 614
450 680
450 695
450 70
450 9
450 906
450 929
451 177
451 201
451 348
451 44
451 672
451 694
451 697
451 750
451 765
451 81
451 947
452 106
452 150
452 152
452 173
452 290
452 319
452 358
452 416
452 468
452 515
452 680
452 718
452 837
452 848
452 862
452 912
452 926
453 108
453 130
453 162
453 18
453 300
453 445
453 533
453 689
453 811
453 858
453 987
454 27
454 305
454 319
454 462
454 49
454 51
454 633
454 635
454 739
454 887
455 114
455 144
455 325
455 574
455 629
455 795
455 883
455 990
456 148
456 216
456 292
456 346
456 349
456 66
456 683
456 725
456 803
456 807
456 878
456 931
457 336
457 347
457 409
457 465
457 613
457 676
457 875
457 903
457 936
458 467
458 536
458 672
458 733
458 891
458 918
458 989
459 10
459 15
459 288
459 624
459 655
459 67
46 138
46 169
46 216
46 342
46 48
46 518
46 623
46 627
46 674
46 779
46 834
46 858
46 924
46 982
460 139
460 146
460 29
460 466
460 526
460 540
460 654
460 731
460 909
461 280
461 361
461 379
461 456
461 637
461 642
461 688
461 722
461 816
461 820
461 853
461 910
462 223
462 447
462 460
462 494
462 507
462 659
462 692
462 839
462 878
462 990
463 117
463 271
463 276
463 311
463 372
463 399
463 470
463 62
463 734
463 792
463 816
463 848
463 862
463 882
463 893
463 967
464 10
464 134
464 287
464 292
464 492
464 524
464 616
464 690
464 716
464 735
464 743
464 88
464 964
464 984
465 16
465 25
465 325
465 338
465 364
465 570
465 646
465 878
466 307
466 345
466 363
466 418
466 497
466 557
466 57
466 584
466 611
466 676
466 701
466 750
466 800
466 895
466 912
466 923
467 123
467 297
467 525
467 545
467 615
467 686
467 762
467 87
467 94
468 541
468 598
468 771
468 926
468 957
469 106
469 178
469 278
469 346
469 377
469 412
469 466
469 608
469 611
469 625
469 645
469 661
469 71
469 839
469 935
469 962
469 973
47 173
47 227
47 295
47 337
47 384
47 509
47 527
47 550
47 592
47 68
47 680
47 687
47 804
47 900
470 12
470 236
470 269
470 293
470 314
470 449
470 594
470 665
470 84
470 885
470 889
470 940
471 144
471 146
471 245
471 485
471 515
471 663
471 670
471 750
471 885
471 935
472 111
472 2
472 221
472 309
472 336
472 387
472 453
472 524
472 64
472 71
472 713
472 76
472 764
472 774
472 817
472 865
472 879
472 968
473 161
473 24
473 274
473 427
473 551
473 557
473 925
473 954
473 965
473 97
474 112
474 145
474 240
474 358
474 628
474 778
474 815
475 164
475 173
475 269
475 366
475 564
475 584
475 603
475 901
475 907
476 105
476 189
476 444
476 445
476 554
476 639
476 640
476 662
476 731
476 828
476 914
476 921
477 771
477 835
477 852
478 106
478 245
478 274
478 366
478 549
478 640
478 930
478 987
479 327
479 682
479 757
479 85
479 955
48 108
48 142
48 176
48 509
48 78
48 959
48 961
48 974
480 135
480 205
480 242
480 256
480 381
480 393
480 397
480 549
480 600
480 662
480 680
480 781
480 863
481 128
481 235
481 308
481 506
481 711
481 863
481 893
482 13
482 260
482 312
482 396
482 661
482 869
482 977
483 110
483 257
483 366
483 372
483 449
483 61
483 829
483 944
483 963
484 180
484 195
484 272
484 380
484 455
484 53
484 654
484 74
484 812
484 833
484 842
484 909
485 110
485 16
485 17
485 286
485 322
485 325
485 351
485 40
485 493
485 548
485 57
485 984
486 243
486 284
486 309
486 327
486 812
486 814
486 974
486 975
487 210
487 272
487 346
487 424
487 496
487 644
487 737
487 74
487 791
487 793
488 105
488 202
488 216
488 300
488 319
488 340
488 353
488 361
488 404
488 540
488 602
488 648
488 699
488 734
488 746
488 826
488 847
489 153
489 191
489 351
489 407
489 498
489 53
489 831
489 89
489 921
49 134
49 137
49 361
49 39
49 420
49 426
49 437
49 571
49 575
49 679
49 737
49 799
49 8
49 960
49 984
490 162
490 212
490 232
490 343
490 431
490 451
490 456
490 648
490 735
490 830
490 929
491 15
491 212
491 328
491 433
491 467
491 537
491 660
491 724
491 969
491 982
492 140
492 326
492 462
492 641
492 700
492 780
493 140
493 237
493 324
493 435
493 500
493 873
493 919
493 963
494 109
494 114
494 175
494 196
494 259
494 319
494 397
494 407
494 551
494 699
495 154
495 310
495 371
495 386
495 436
495 574
495 587
495 622
495 677
495 716
495 759
495 939
495 94
496 112
496 331
496 332
496 68
496 767
496 790
496 853
496 925
497 224
497 265
497 352
497 387
497 432
497 641
497 769
497 861
497 941
498 144
498 152
498 172
498 178
498 257
498 314
498 402
498 587
498 64
498 651
498 701
498 800
498 854
498 970
499 142
499 160
499 365
499 628
499 687
499 752
499 754
499 91
5 260
5 324
5 353
5 424
5 430
5 469
5 610
5 66
5 681
5 860
50 401
50 519
50 697
50 70
50 861
50 930
50 988
500 147
500 187
500 19
500 323
500 325
500 382
500 430
500 638
500 862
500 977
501 157
501 195
501 208
501 295
501 420
501 429
501 686
501 715
501 94
501 959
502 26
502 524
502 565
502 605
502 694
502 732
502 742
502 792
502 980
503 165
503 28
503 321
503 38
503 56
503 933
504 181
504 186
504 20
504 36
504 364
504 510
504 562
504 64
504 707
504 803
505 177
505 188
505 232
505 317
505 319
505 531
505 731
505 955
505 960
505 982
506 213
506 289
506 324
506 370
506 606
506 681
506 718
506 768
506 989
507 169
507 181
507 220
507 451
507 49
507 496
507 562
507 837
507 905
507 912
507 944
508 12
508 134
508 197
508 241
508 419
508 669
508 71
508 79
508 816
508 843
508 961
509 165
509 332
509 412
509 428
509 469
509 574
509 625
509 801
509 824
509 920
51 126
51 548
51 597
51 792
51 853
51 88
51 895
51 981
510 157
510 194
510 225
510 361
510 642
510 671
510 691
510 891
511 208
511 212
511 466
511 478
511 725
511 802
511 93
512 154
512 214
512 347
512 518
512 736
512 81
512 872
512 89
513 262
513 346
513 432
513 50
513 547
513 785
513 888
513 89
513 907
514 290
514 364
514 373
514 73
514 749
514 800
514 81
515 109
515 146
515 207
515 208
515 26
515 372
515 503
515 590
515 606
515 695
515 748
515 757
515 788
515 823
515 896
515 931
516 435
516 504
516 62
516 793
516 909
516 975
516 984
517 111
517 227
517 251
517 286
517 287
517 559
517 640
517 667
517 707
517 725
517 728
517 767
517 828
517 875
518 128
518 171
518 271
518 571
518 756
518 792
518 816
519 408
519 427
519 446
519 48
519 514
519 563
519 641
519 649
519 771
519 783
519 881
519 970
519 972
52 345
52 475
52 639
52 808
52 918
52 951
520 109
520 178
520 292
520 376
520 398
520 41
520 46
520 498
520 504
521 109
521 143
521 152
521 214
521 288
521 329
521 518
521 627
521 777
521 878
522 108
522 403
522 430
522 507
522 568
522 572
522 589
522 68
522 681
522 799
522 893
522 912
522 973
523 18
523 211
523 373
523 406
523 500
523 63
523 79
523 811
523 984
524 128
524 156
524 379
524 46
524 489
524 684
524 881
524 985
525 187
525 320
525 473
525 538
525 569
525 57
525 669
525 727
525 907
525 990
526 192
526 202
526 23
526 70
526 873
526 891
527 151
527 180
527 288
527 335
527 37
527 423
527 429
527 525
527 532
527 564
528 132
528 194
528 21
528 214
528 379
528 475
528 506
528 508
528 510
528 567
528 603
528 935
529 137
529 265
529 329
529 398
529 421
529 424
529 456
529 600
529 666
529 730
53 116
53 120
53 339
53 363
53 411
53 427
53 445
53 751
53 851
53 857
53 972
530 107
530 294
530 303
530 397
530 485
530 508
530 663
530 89
530 9
530 909
530 963
531 196
531 200
531 261
531 353
531 485
531 624
531 652
531 867
531 988
532 351
532 438
532 525
532 664
532 768
532 866
532 886
532 887
532 900
532 935
532 962
532 969
532 975
533 198
533 245
533 263
533 463
533 810
533 849
533 885
533 931
533 951
533 982
534 161
534 195
534 210
534 217
534 230
534 257
534 30
534 329
534 33
534 430
534 472
534 526
534 758
534 779
534 828
534 862
534 912
535 138
535 142
535 162
535 187
535 192
535 279
535 357
535 40
535 418
535 514
535 943
535 972
536 106
536 113
536 255
536 363
536 416
536 421
536 573
536 805
536 824
536 837
536 869
536 90
537 149
537 631
537 85
537 956
538 122
538 136
538 139
538 330
538 352
538 427
538 490
538 716
538 757
538 82
538 840
538 923
539 147
539 554
539 604
539 700
539 839
54 171
54 338
54 339
54 359
54 438
54 564
54 66
54 7
54 748
540 242
540 248
540 365
540 378
540 524
540 527
540 561
540 702
540 726
540 729
540 860
540 98
541 164
541 197
541 314
541 32
541 388
541 392
541 464
541 475
541 510
541 53
541 703
541 768
541 835
541 987
542 178
542 251
542 281
542 402
542 476
542 57
542 591
542 658
542 867
542 909
542 911
543 192
543 337
543 415
543 422
543 489
543 689
543 752
543 77
543 771
543 866
543 873
543 878
543 925
543 976
544 187
544 221
544 348
544 460
544 613
544 630
544 677
544 819
544 865
544 955
545 208
545 553
545 596
545 641
545 67
545 821
545 92
546 138
546 147
546 158
546 244
546 291
546 301
546 311
546 401
546 49
546 586
546 644
546 659
546 673
546 71
547 149
547 27
547 605
547 757
548 188
548 232
548 327
548 430
548 509
548 513
548 731
549 287
549 332
549 338
549 739
549 748
549 811
549 82
55 141
55 204
55 3
55 312
55 390
55 431
55 650
55 667
55 685
55 708
55 782
55 802
550 184
550 218
550 385
550 393
550 429
550 52
550 590
550 639
550 826
550 963
551 107
551 203
551 252
551 464
551 497
551 717
551 728
551 755
551 82
551 859
551 988
552 105
552 152
552 166
552 308
552 341
552 350
552 364
552 406
552 5
552 624
552 645
552 897
553 120
553 14
553 186
553 346
553 347
553 424
553 45
553 52
553 547
553 585
553 593
553 72
553 827
554 174
554 216
554 247
554 28
554 4
554 573
554 668
554 673
554 728
554 880
554 881
554 960
555 143
555 282
555 702
555 740
555 812
555 822
555 99
556 166
556 209
556 24
556 340
556 35
556 795
556 886
556 97
557 150
557 168
557 310
557 317
557 353
557 420
557 621
557 642
557 784
557 881
557 972
558 340
558 377
558 653
558 887
558 983
559 316
559 317
559 508
559 568
559 639
559 673
559 76
559 779
559 800
559 829
56 322
56 34
56 506
56 510
56 589
56 763
56 773
56 808
56 843
56 86
560 171
560 273
560 370
560 610
560 673
560 877
560 881
560 95
561 297
561 780
561 838
562 231
562 408
562 477
562 549
562 759
562 828
562 907
563 449
563 545
563 594
563 608
563 616
563 63
563 634
563 73
563 777
563 806
563 830
563 899
563 965
563 970
564 442
564 479
564 539
564 555
564 729
564 889
565 162
565 234
565 259
565 380
565 443
565 483
565 49
565 537
565 681
565 834
565 842
565 868
565 896
566 101
566 163
566 187
566 507
566 544
566 545
566 563
566 623
566 701
566 713
566 976
567 279
567 393
567 43
567 466
567 545
567 546
567 803
568 123
568 163
568 304
568 368
568 37
568 413
568 44
568 456
568 472
568 753
568 866
569 14
569 147
569 153
569 176
569 199
569 21
569 5
569 519
569 599
569 700
57 122
57 127
57 14
57 246
57 257
57 431
57 476
57 480
57 581
57 660
57 871
570 139
570 235
570 336
570 435
570 575
570 670
570 950
571 193
571 289
571 310
571 49
571 729
572 116
572 247
572 31
572 322
572 360
572 513
572 515
572 537
572 668
572 689
572 784
572 813
572 879
572 898
572 949
573 148
573 246
573 27
573 32
573 387
573 39
573 394
573 508
573 519
573 543
573 727
573 985
574 131
574 403
574 529
574 577
574 604
574 67
574 681
574 853
575 17
575 178
575 241
575 378
575 381
575 496
575 521
575 551
575 554
576 521
576 567
576 649
576 764
577 104
577 122
577 197
577 305
577 325
577 345
577 47
577 680
577 69
577 691
577 804
577 854
577 942
577 954
578 134
578 160
578 179
578 213
578 335
578 405
578 509
578 527
578 542
578 679
578 730
578 989
579 112
579 134
579 156
579 253
579 41
579 447
579 450
579 541
579 602
579 673
579 742
579 752
579 760
579 793
579 829
579 847
579 925
579 93
579 973
58 125
58 154
58 17
58 214
58 222
58 248
58 404
58 431
58 433
58 469
58 652
58 75
58 78
58 81
58 828
58 931
580 159
580 36
580 375
580 439
580 680
580 759
580 771
580 843
580 896
580 937
581 360
581 407
581 574
581 622
581 677
581 845
582 329
582 339
582 477
582 578
582 611
582 627
582 757
583 146
583 232
583 264
583 28
583 383
583 469
583 47
583 489
583 503
583 600
583 694
583 719
583 720
583 822
583 869
583 902
583 99
584 104
584 105
584 15
584 166
584 213
584 285
584 429
584 45
584 533
584 572
584 577
584 690
584 8
584 801
585 236
585 457
585 459
585 613
585 648
585 759
585 772
585 800
585 807
586 16
586 491
586 679
586 80
586 811
586 824
586 888
587 684
587 732
587 84
587 892
587 932
587 941
588 14
588 24
588 266
588 374
588 39
588 547
588 657
588 705
588 859
589 115
589 185
589 194
589 316
589 420
589 440
589 472
589 480
589 542
589 554
589 653
589 656
589 688
589 727
589 737
589 755
589 858
59 180
59 28
59 364
59 609
59 658
59 76
59 824
59 894
59 935
59 957
590 252
590 318
590 33
590 376
590 454
590 518
590 605
590 607
590 668
590 723
590 905
591 205
591 418
591 576
591 589
591 634
591 797
591 829
591 858
591 913
592 368
592 380
592 405
592 573
592 600
592 906
592 970
593 195
593 206
593 264
593 355
593 443
593 453
593 547
593 586
593 690
593 895
593 95
594 170
594 181
594 183
594 299
594 315
594 421
594 582
594 666
594 795
594 806
594 891
594 912
594 984
595 22
595 278
595 333
595 450
595 484
595 492
595 506
595 563
595 642
595 677
595 780
595 79
595 793
595 915
595 918
595 953
596 15
596 174
596 189
596 292
596 465
596 508
596 735
596 859
596 914
597 320
597 340
597 387
597 656
597 766
597 859
597 927
598 212
598 250
598 537
598 563
598 629
598 866
598 907
598 921
599 13
599 145
599 15
599 16
599 161
599 216
599 267
599 280
599 414
599 540
599 757
6 135
6 383
6 570
6 61
6 66
6 661
6 823
6 840
6 862
60 145
60 261
60 281
60 347
60 439
60 460
60 524
60 546
60 547
60 594
60 752
60 762
60 856
60 923
60 952
600 129
600 561
600 635
600 710
600 739
600 776
600 85
600 920
601 150
601 195
601 210
601 317
601 353
601 473
601 555
601 774
601 827
601 909
601 958
602 132
602 334
602 338
602 392
602 724
602 744
602 754
603 241
603 255
603 437
603 652
603 7
603 700
603 729
603 836
603 841
603 87
604 149
604 317
604 42
604 564
604 840
604 877
604 917
605 113
605 374
605 50
606 113
606 363
606 452
606 488
606 57
606 73
606 905
607 167
607 202
607 221
607 341
607 390
607 486
607 83
607 878
608 115
608 230
608 271
608 425
608 662
608 684
608 750
608 845
608 916
609 249
609 364
609 409
609 489
609 501
609 556
609 786
609 907
609 977
61 17
61 306
61 450
61 451
61 51
61 633
61 7
61 708
61 771
61 870
61 89
61 895
61 94
61 969
610 207
610 36
610 44
610 779
610 789
610 866
610 884
610 906
611 103
611 156
611 3
611 391
611 47
611 527
611 774
611 89
611 899
612 511
612 519
612 608
612 649
612 775
612 78
612 809
612 892
612 921
612 981
613 100
613 147
613 196
613 313
613 491
613 522
613 524
613 540
613 593
613 60
613 69
613 778
613 839
614 276
614 278
614 324
614 345
614 377
614 406
614 606
614 638
614 833
614 930
614 937
614 974
614 989
615 113
615 207
615 320
615 538
615 622
615 811
615 968
616 163
616 309
616 334
616 43
616 510
616 531
616 63
616 677
616 679
616 777
616 785
617 341
617 404
617 439
617 498
617 546
617 588
617 606
617 617
617 817
617 95
617 966
617 989
618 114
618 132
618 211
618 257
618 339
618 475
618 619
618 637
618 685
618 788
619 12
619 321
619 383
619 6
619 659
619 685
619 876
619 931
619 942
62 104
62 177
62 227
62 289
62 49
62 495
62 829
62 958
62 960
620 131
620 14
620 175
620 294
620 40
620 433
620 528
620 723
620 822
620 942
620 973
621 170
621 352
621 491
621 501
621 52
621 694
622 208
622 284
622 29
622 323
622 328
622 344
622 399
622 52
622 520
622 529
622 570
622 674
622 698
622 722
622 755
622 88
623 395
623 535
623 648
624 345
624 392
624 436
624 664
624 789
624 95
624 980
625 106
625 116
625 122
625 328
625 495
625 529
625 554
625 722
625 918
625 975
626 124
626 326
626 428
626 491
626 71
626 972
627 120
627 167
627 322
627 454
627 546
627 809
627 842
627 859
628 355
628 442
628 462
628 59
628 642
628 707
628 919
628 939
629 164
629 181
629 291
629 348
629 547
629 588
629 659
629 667
629 766
629 970
63 255
63 435
63 468
63 500
63 563
63 564
63 794
63 837
63 911
63 920
630 234
630 310
630 529
630 530
630 578
630 708
630 836
630 936
630 960
630 99
631 149
631 471
631 472
631 508
631 515
631 596
631 741
631 751
631 797
632 123
632 145
632 172
632 365
632 437
632 445
632 498
632 520
632 567
632 588
632 660
632 673
632 739
632 806
632 863
632 876
633 259
633 601
633 62
633 760
633 887
633 935
634 242
634 254
634 259
634 312
634 316
634 417
634 491
634 551
634 587
634 80
634 802
634 830
634 887
635 122
635 205
635 261
635 298
635 524
635 528
635 64
635 770
635 896
636 257
636 543
636 617
636 638
636 681
636 991
637 220
637 288
637 310
637 381
637 486
637 544
637 576
637 616
638 28
638 335
638 364
638 410
638 560
638 617
638 944
638 969
639 256
639 336
639 358
639 383
639 479
639 504
639 517
639 545
639 570
639 575
639 643
639 646
639 743
639 746
639 798
639 912
64 154
64 178
64 243
64 288
64 364
64 557
64 627
64 660
64 806
64 879
64 929
640 108
640 115
640 157
640 182
640 198
640 335
640 692
640 712
640 778
640 782
640 930
640 942
641 121
641 267
641 303
641 319
641 384
641 491
641 500
641 56
641 743
641 755
641 816
641 962
641 987
642 232
642 352
642 549
642 637
642 790
642 822
642 918
642 956
642 984
643 198
643 250
643 278
643 291
643 335
643 366
643 540
643 827
643 930
643 955
643 962
644 108
644 145
644 230
644 460
644 566
644 695
645 167
645 20
645 306
645 527
645 602
645 613
645 895
645 940
646 121
646 318
646 433
646 51
646 542
646 697
646 730
646 732
646 750
646 790
647 178
647 182
647 337
647 360
647 406
647 453
647 513
647 568
647 718
647 745
647 851
647 99
647 991
648 135
648 338
648 495
648 513
648 586
648 594
648 728
649 434
649 437
649 510
649 529
649 847
649 899
649 989
65 1
65 282
65 310
65 655
65 799
65 810
650 190
650 253
650 361
650 362
650 435
650 680
650 955
651 232
651 271
651 281
651 452
651 517
651 588
651 702
651 803
651 835
651 980
652 115
652 199
652 20
652 21
652 676
652 860
653 115
653 145
653 147
653 207
653 338
653 443
653 47
653 656
653 703
653 775
653 783
653 86
654 209
654 372
654 407
654 409
654 525
654 601
654 661
654 722
654 783
654 796
655 13
655 477
655 61
655 767
655 814
656 25
656 32
656 355
656 438
656 462
656 476
656 610
656 626
656 63
656 74
656 828
656 832
656 871
656 991
657 124
657 414
657 417
657 54
657 551
657 648
657 737
657 795
657 817
657 901
657 930
658 105
658 232
658 309
658 541
658 618
658 648
658 729
659 161
659 282
659 416
659 592
659 65
659 66
659 688
659 797
659 99
66 263
66 363
66 489
66 65
66 718
66 771
66 94
66 950
66 981
660 122
660 351
660 520
660 590
660 606
660 821
660 838
660 89
661 190
661 208
661 253
661 279
661 365
661 383
661 504
661 58
661 650
661 844
661 870
661 945
661 980
662 125
662 145
662 333
662 349
662 469
662 500
662 57
662 646
662 651
662 908
663 271
663 311
663 325
663 381
663 408
663 609
663 717
663 776
663 795
663 879
663 882
663 893
663 934
664 189
664 196
664 276
664 327
664 401
664 425
664 87
664 919
664 952
665 157
665 221
665 486
665 629
666 127
666 159
666 207
666 255
666 58
666 64
667 103
667 147
667 35
667 428
667 499
667 66
667 73
667 965
668 49
668 574
668 668
668 763
668 921
668 990
669 126
669 334
669 402
669 408
669 425
669 433
669 443
669 524
669 534
669 6
669 669
669 879
669 954
67 106
67 199
67 412
67 482
67 563
67 582
67 762
67 858
67 988
670 187
670 20
670 225
670 382
670 48
670 494
670 633
670 688
670 857
671 116
671 430
671 5
671 681
671 708
672 404
672 641
672 697
672 709
672 78
672 845
672 894
673 141
673 17
673 329
673 333
673 42
673 542
673 614
673 770
673 819
673 875
673 889
673 894
673 954
674 318
674 543
674 564
674 589
674 605
674 663
674 801
674 844
675 140
675 236
675 267
675 330
675 340
675 365
675 496
675 726
676 153
676 181
676 326
676 51
676 567
676 595
676 629
676 687
676 752
676 811
676 841
677 185
677 204
677 31
677 386
677 508
677 510
677 56
677 610
677 660
677 691
677 838
677 870
677 972
677 99
678 1
678 262
678 29
678 43
678 513
678 543
678 663
678 688
678 780
679 119
679 282
679 400
679 444
679 536
679 710
679 747
679 813
679 978
68 158
68 253
68 844
68 858
68 901
680 114
680 401
680 403
680 436
680 608
680 760
680 763
680 773
680 811
680 943
681 246
681 345
681 432
681 450
681 536
681 641
681 686
681 73
681 784
681 820
681 899
682 153
682 202
682 312
682 339
682 355
682 367
682 405
682 479
682 60
682 710
682 844
683 242
684 104
684 162
684 390
684 397
684 42
684 603
684 652
684 687
684 696
684 857
685 247
685 269
685 27
685 371
685 553
685 608
685 670
685 773
685 850
686 116
686 268
686 362
686 371
686 426
686 474
686 571
686 606
686 655
686 673
686 929
687 118
687 181
687 239
687 277
687 449
687 71
687 952
687 991
688 187
688 193
688 263
688 327
688 36
688 587
688 620
688 700
688 86
689 12
689 126
689 174
689 184
689 243
689 412
689 42
689 72
689 741
689 764
689 776
689 783
689 799
689 828
689 889
689 899
689 918
689 990
69 107
69 331
69 379
69 512
69 526
69 563
69 593
69 685
69 812
69 841
69 877
69 924
690 20
690 242
690 304
690 584
690 599
690 683
690 783
690 850
690 892
690 92
690 922
691 13
691 157
691 30
691 379
691 382
691 452
691 60
691 700
691 812
691 894
691 923
692 134
692 317
692 399
692 491
692 51
692 544
692 562
692 583
692 586
692 605
692 673
692 858
692 920
692 925
692 942
693 121
693 215
693 245
693 249
693 269
693 35
693 398
693 489
693 515
693 567
693 797
693 825
693 946
694 129
694 477
694 538
694 617
694 692
694 888
694 921
695 11
695 155
695 158
695 167
695 236
695 261
695 28
695 485
695 491
695 539
695 565
695 672
695 684
695 701
695 716
695 799
695 822
695 937
695 947
696 134
696 155
696 216
696 287
696 339
696 440
696 474
696 602
696 709
696 789
696 850
696 878
696 884
697 148
697 219
697 228
697 331
697 347
697 364
697 367
697 972
698 100
698 159
698 256
698 296
698 352
698 483
698 604
698 634
699 215
699 225
699 241
699 451
699 511
699 619
699 639
699 751
699 807
699 834
699 909
699 932
7 140
7 213
7 286
7 351
7 592
7 862
7 874
7 876
7 882
7 892
70 181
70 367
70 652
70 855
70 872
700 261
700 265
700 270
700 273
700 365
700 57
700 766
700 8
701 152
701 18
701 255
701 321
701 408
701 435
701 478
701 552
701 591
701 595
701 838
701 854
701 899
702 114
702 52
702 703
702 799
702 831
702 912
702 958
702 972
703 114
703 130
703 184
703 24
703 270
703 276
703 356
703 531
703 552
703 569
703 574
703 581
703 632
703 934
704 197
704 318
704 337
704 419
704 437
704 48
704 598
704 7
704 843
704 862
704 888
705 115
705 126
705 161
705 22
705 307
705 346
705 385
705 451
705 516
705 54
705 61
705 672
705 714
705 848
705 917
706 156
706 180
706 246
706 259
706 605
706 611
706 669
706 679
706 766
706 849
707 147
707 148
707 239
707 295
707 422
707 533
707 581
707 635
707 726
707 812
707 983
708 141
708 377
708 509
708 597
708 705
708 713
708 820
708 975
709 241
709 264
709 305
709 350
709 425
709 453
709 556
709 607
709 638
709 692
709 750
709 806
709 871
709 972
71 336
71 390
71 446
71 585
71 670
71 69
71 754
71 806
71 875
710 214
710 408
710 472
710 543
710 616
710 924
710 989
711 308
711 462
711 480
711 524
711 626
711 742
711 763
711 781
711 796
711 905
711 952
711 990
712 13
712 147
712 192
712 259
712 408
712 502
712 659
712 663
712 724
712 786
712 89
712 964
713 102
713 108
713 148
713 166
713 286
713 291
713 309
713 359
713 501
713 583
713 79
713 976
714 163
714 293
714 393
714 433
714 490
714 537
714 541
714 55
714 56
714 639
714 859
715 229
715 413
715 650
715 660
715 742
715 758
715 782
715 91
715 96
716 185
716 62
716 650
716 667
716 689
716 785
717 324
717 363
717 587
717 590
717 735
717 803
717 922
718 136
718 268
718 311
718 43
718 569
718 57
718 613
718 684
718 746
718 825
719 188
719 194
719 330
719 333
719 356
719 398
719 406
719 65
719 693
72 137
72 405
72 591
72 607
72 714
72 74
72 776
72 778
72 824
72 987
72 988
720 143
720 259
720 315
720 317
720 502
720 569
720 587
720 670
721 103
721 144
721 29
721 326
721 338
721 469
721 651
721 670
721 696
721 856
721 930
721 935
721 936
722 154
722 25
722 319
722 36
722 7
722 731
722 860
722 863
722 884
723 37
723 400
723 425
723 456
723 491
723 537
723 678
723 736
723 759
723 93
723 986
724 339
724 547
724 602
724 606
724 608
724 611
724 781
725 128
725 359
725 392
725 414
725 428
725 469
725 718
725 761
725 785
725 969
726 230
726 258
726 273
726 342
726 352
726 379
726 5
726 592
726 757
726 852
726 936
727 106
727 193
727 215
727 239
727 28
727 471
727 481
727 666
727 736
727 838
727 847
727 926
728 190
728 25
728 382
728 416
728 578
728 896
729 103
729 148
729 18
729 531
729 675
729 707
729 711
729 934
729 982
73 124
73 185
73 310
73 413
73 486
73 668
73 731
73 902
730 196
730 234
730 312
730 319
730 354
730 375
730 53
730 603
730 68
730 722
730 801
730 912
730 938
731 123
731 279
731 318
731 490
731 687
731 74
731 887
732 104
732 217
732 290
732 377
732 500
732 592
732 63
732 694
732 702
732 782
733 210
733 572
733 620
733 647
733 84
733 892
733 898
734 534
734 606
734 713
734 786
734 894
734 936
735 140
735 288
735 515
735 517
735 518
735 571
735 593
735 689
735 766
735 829
735 840
735 932
735 989
736 11
736 172
736 269
736 301
736 304
736 31
736 32
736 406
736 505
736 755
736 793
736 795
736 860
737 248
737 319
737 436
737 458
737 646
737 689
737 697
737 851
737 867
737 878
738 387
738 559
738 579
738 614
738 769
738 799
738 808
738 811
738 867
738 947
739 155
739 20
739 415
739 47
739 56
739 668
739 747
739 758
74 139
74 17
74 568
74 639
74 860
740 10
740 156
740 280
740 428
740 647
740 677
740 925
740 930
741 180
741 304
741 37
741 468
741 586
741 738
741 772
741 989
742 323
742 338
742 39
742 422
742 498
742 689
742 702
742 834
743 246
743 412
743 423
743 456
743 516
743 718
743 724
743 744
743 792
743 922
743 924
744 259
744 419
744 542
744 556
744 580
744 959
745 1
745 131
745 265
745 294
745 50
745 507
745 593
745 826
745 835
745 9
745 923
746 194
746 287
746 295
746 351
746 516
746 573
746 722
746 740
746 808
746 894
747 379
747 405
747 421
747 491
747 502
747 676
747 762
747 839
747 921
747 987
748 11
748 180
748 212
748 253
748 295
748 4
748 42
748 598
748 710
748 711
748 784
748 824
748 948
748 960
748 974
748 991
749 2
749 21
749 234
749 269
749 349
749 468
749 474
749 481
749 545
749 546
749 570
749 621
749 625
749 727
749 738
749 890
749 946
749 948
75 256
75 322
75 410
75 493
75 711
75 794
75 882
75 923
750 175
750 409
750 703
750 803
750 84
750 96
751 219
751 289
751 298
751 383
751 505
751 553
751 670
751 76
751 869
751 950
752 124
752 165
752 278
752 38
752 418
752 71
752 785
752 966
753 103
753 138
753 257
753 266
753 355
753 427
753 487
753 517
753 679
753 693
753 77
754 343
754 450
754 456
754 587
754 617
754 80
754 963
755 100
755 155
755 273
755 282
755 294
755 395
755 584
755 89
755 983
756 107
756 126
756 15
756 164
756 186
756 215
756 459
756 490
756 529
756 625
756 641
756 688
756 776
756 907
757 217
757 491
757 523
757 553
757 671
757 759
757 823
757 861
757 923
757 943
758 134
758 136
758 448
758 478
758 559
758 616
758 728
758 908
758 991
759 2
759 222
759 371
759 4
759 597
759 630
759 822
759 941
76 147
76 183
76 204
76 345
76 38
76 389
76 400
76 436
76 562
76 697
76 71
76 730
76 826
76 979
760 204
760 248
760 280
760 357
760 371
760 413
760 528
760 531
760 726
760 865
761 163
761 26
761 566
761 616
761 802
761 812
761 872
761 876
761 961
762 255
762 26
762 563
762 634
762 69
762 701
762 71
762 89
762 931
763 162
763 229
763 244
763 265
763 276
763 295
763 302
763 457
763 466
763 740
763 845
763 948
763 962
763 98
764 117
764 246
764 38
764 483
764 63
764 677
764 689
764 725
764 81
764 943
765 100
765 104
765 111
765 153
765 167
765 321
765 570
765 735
765 821
765 870
765 871
765 965
766 111
766 112
766 177
766 330
766 361
766 42
766 444
766 545
766 551
766 642
766 740
766 757
767 345
767 471
767 60
767 665
767 694
767 798
767 824
767 899
768 12
768 127
768 188
768 252
768 284
768 726
768 740
769 112
769 280
769 289
769 336
769 352
769 397
769 421
769 496
769 566
769 605
769 699
769 775
769 802
769 871
77 105
77 299
77 385
77 648
77 705
77 90
770 255
770 272
770 359
770 364
770 433
770 443
770 483
770 541
770 56
770 58
770 586
770 589
770 663
770 689
770 735
770 821
770 840
770 852
770 854
770 96
771 109
771 191
771 243
771 250
771 381
771 398
771 466
771 54
771 837
772 110
772 121
772 159
772 34
772 362
772 503
772 655
772 848
772 92
773 108
773 169
773 266
773 330
773 452
773 477
773 634
773 651
773 938
774 256
774 339
774 411
774 468
774 510
774 518
774 64
774 657
774 91
775 100
775 142
775 172
775 197
775 227
775 230
775 307
775 321
775 362
775 439
775 489
775 505
775 53
775 550
775 581
775 689
775 756
775 767
775 776
775 955
776 131
776 236
776 657
776 701
776 743
776 790
776 807
777 286
777 327
777 567
777 615
777 685
777 707
777 883
777 930
778 120
778 200
778 236
778 382
778 584
778 770
778 867
778 880
778 889
778 918
778 95
778 987
779 128
779 130
779 137
779 192
779 31
779 384
779 46
779 628
779 707
779 750
779 90
779 968
779 981
78 608
78 720
78 744
78 906
78 914
780 150
780 172
780 249
780 256
780 293
780 300
780 482
780 529
780 595
780 604
780 744
780 778
780 890
780 937
781 121
781 256
781 669
781 675
781 724
781 78
781 797
782 11
782 567
782 591
782 703
782 793
782 850
782 964
782 984
783 31
783 327
783 415
783 539
783 542
783 668
783 888
783 941
784 186
784 229
784 43
784 443
784 46
784 590
784 601
784 879
785 482
785 500
785 524
785 58
785 600
785 676
785 736
785 737
785 755
786 129
786 498
786 535
786 714
786 875
786 920
787 153
787 179
787 233
787 344
787 441
787 549
787 642
787 730
788 101
788 382
788 458
788 529
788 541
788 805
788 865
789 2
789 232
789 627
789 641
789 676
789 683
789 898
789 901
789 952
79 164
79 18
79 256
79 4
79 531
79 558
79 564
79 650
79 96
790 300
790 470
790 556
790 636
790 664
790 826
791 171
791 179
791 189
791 372
791 438
791 487
791 561
791 571
791 612
791 793
791 847
791 885
791 894
791 969
792 350
792 395
792 446
792 45
792 464
792 565
792 596
792 673
792 732
792 744
792 818
792 870
793 130
793 199
793 225
793 261
793 514
793 521
793 615
793 739
793 882
794 509
794 527
794 623
794 989
795 2
795 290
795 292
795 644
795 675
795 795
795 882
796 139
796 167
796 31
796 384
796 405
796 450
796 467
796 497
796 586
796 592
796 766
796 806
796 938
796 950
796 96
797 378
797 411
797 517
797 522
797 79
797 88
798 12
798 129
798 508
798 569
798 632
798 633
798 851
798 874
798 894
799 23
799 264
799 331
799 465
799 504
799 641
799 754
799 806
799 961
799 989
8 111
8 198
8 319
8 793
8 802
8 917
80 521
80 540
80 693
800 117
800 230
800 584
800 619
800 710
800 777
800 802
800 87
800 897
800 920
800 933
801 139
801 15
801 24
801 340
801 434
801 439
801 579
801 827
801 899
801 945
801 969
802 116
802 196
802 267
802 322
802 326
802 356
802 456
802 468
802 496
802 529
802 579
802 649
802 651
802 76
802 828
802 844
803 18
803 225
803 27
803 428
803 541
803 593
803 608
803 732
804 131
804 394
804 472
804 474
804 579
804 645
804 678
804 750
804 79
805 317
805 35
805 360
805 411
805 422
805 465
805 542
805 990
806 454
806 517
806 593
806 671
806 681
806 802
806 82
806 854
806 859
807 119
807 13
807 163
807 253
807 329
807 400
807 44
807 477
807 5
807 54
807 764
807 923
808 121
808 382
808 48
808 56
808 605
808 762
808 785
808 831
808 920
808 937
809 13
809 881
809 913
81 140
81 495
81 566
81 710
81 722
81 724
81 891
810 125
810 15
810 158
810 19
810 204
810 21
810 294
810 437
810 502
810 574
810 599
810 610
810 66
810 664
810 944
811 135
811 306
811 486
811 494
811 685
811 686
811 706
811 768
811 776
811 924
811 951
811 960
812 167
812 169
812 180
812 377
812 419
812 443
812 491
812 495
812 563
812 576
812 747
812 955
813 15
813 228
813 294
813 389
813 438
813 492
813 541
813 559
813 609
813 625
813 765
813 784
813 870
813 932
814 218
814 305
814 405
814 491
814 564
814 627
814 693
815 102
815 124
815 202
815 287
815 303
815 33
815 725
815 863
816 164
816 204
816 383
816 482
816 686
816 818
816 96
817 109
817 143
817 246
817 320
817 477
817 49
817 545
817 558
817 591
817 605
817 643
817 76
817 777
817 870
817 884
817 986
818 108
818 238
818 382
818 391
818 401
818 473
818 698
818 777
818 791
818 833
818 881
819 172
819 188
819 355
819 6
819 670
819 927
82 353
82 452
82 496
82 58
82 583
82 612
82 691
82 698
82 88
820 158
820 350
820 359
820 532
820 676
820 820
820 835
820 897
820 92
821 208
821 222
821 287
821 413
821 425
821 546
821 848
822 35
822 571
822 70
822 707
822 749
822 852
822 899
823 184
823 298
823 304
823 355
823 437
823 501
823 520
823 543
823 684
823 954
823 960
823 983
824 528
824 544
824 572
824 593
824 594
824 762
824 781
824 843
824 965
825 305
825 529
825 56
825 741
825 832
825 871
825 950
825 988
826 127
826 219
826 38
826 47
826 488
826 546
826 723
826 892
826 988
827 19
827 192
827 246
827 268
827 301
827 333
827 453
827 461
827 590
827 669
827 766
827 850
827 893
827 894
827 922
828 106
828 252
828 264
828 341
828 412
828 506
828 580
828 622
828 655
828 785
828 797
828 957
829 213
829 239
829 321
829 354
829 452
829 593
829 820
829 822
829 877
83 128
83 218
83 458
83 668
83 674
83 724
83 832
83 842
83 882
830 142
830 155
830 194
830 360
830 567
830 680
830 722
830 748
830 809
831 10
831 148
831 219
831 295
831 378
831 381
831 439
831 628
831 69
831 707
831 828
831 85
831 92
832 101
832 112
832 287
832 314
832 372
832 4
832 456
832 557
832 563
832 761
832 79
832 840
832 921
833 115
833 197
833 309
833 42
833 432
833 462
833 726
833 756
834 224
834 512
834 523
834 762
834 784
835 130
835 237
835 399
835 522
835 614
835 668
835 718
835 784
835 9
836 132
836 133
836 156
836 35
836 356
836 392
836 407
836 441
836 457
836 462
836 562
836 610
836 649
836 651
836 72
836 817
836 911
837 223
837 371
837 380
837 400
837 454
837 721
837 855
837 859
837 893
837 908
838 259
838 300
838 419
838 498
838 660
838 707
838 708
838 73
838 834
838 912
839 350
839 468
839 48
839 515
839 56
839 57
839 631
839 712
839 717
839 741
839 895
84 136
84 204
84 273
84 282
84 294
84 321
84 456
84 653
84 659
840 187
840 212
840 217
840 349
840 388
840 530
840 870
840 965
840 991
841 11
841 297
841 370
841 603
841 612
841 659
841 668
841 777
841 779
841 873
841 974
842 146
842 250
842 33
842 479
842 600
842 815
842 823
842 859
842 98
843 110
843 208
843 23
843 234
843 280
843 304
843 474
843 54
843 573
843 607
844 124
844 190
844 218
844 285
844 298
844 393
844 595
844 786
844 83
845 125
845 182
845 207
845 284
845 350
845 37
845 494
845 574
845 587
845 592
845 753
845 978
845 986
846 382
846 477
846 492
846 600
846 755
846 848
846 965
847 102
847 158
847 237
847 259
847 533
847 631
847 744
848 260
848 296
848 328
848 34
848 360
848 474
848 833
848 847
848 862
848 976
849 186
849 237
849 285
849 354
849 441
849 447
849 453
849 511
849 634
849 654
849 89
849 900
849 935
849 99
85 146
85 216
85 226
85 661
85 760
85 772
85 972
850 100
850 145
850 229
850 278
850 309
850 364
850 444
850 470
850 731
850 858
851 27
851 395
851 559
851 766
851 840
851 953
852 178
852 235
852 56
852 569
852 633
852 649
852 734
852 889
853 207
853 274
853 322
853 499
853 637
853 869
853 964
853 967
854 115
854 269
854 311
854 344
854 560
854 57
854 589
854 63
854 850
854 86
855 665
855 669
855 828
855 840
855 851
855 888
855 919
855 970
856 24
856 296
856 427
856 75
856 781
856 949
856 962
857 120
857 167
857 212
857 273
857 365
857 419
857 478
857 631
857 744
857 838
857 983
858 132
858 184
858 422
858 467
858 508
858 576
858 841
858 875
858 895
859 102
859 142
859 161
859 414
859 605
859 661
859 723
859 876
859 945
859 952
859 985
86 152
86 163
86 211
86 260
86 288
86 333
86 440
86 507
86 537
86 603
86 677
86 737
86 826
860 122
860 140
860 26
860 281
860 299
860 366
860 549
860 607
860 636
860 67
860 700
860 745
860 759
860 778
860 796
861 102
861 274
861 502
861 506
861 531
861 604
861 624
861 821
861 943
862 258
862 481
862 666
862 745
862 810
862 842
863 105
863 117
863 12
863 120
863 145
863 232
863 337
863 449
863 535
863 649
863 689
864 118
864 184
864 28
864 450
864 638
864 681
864 86
864 904
864 944
865 152
865 159
865 168
865 191
865 407
865 437
865 668
865 832
865 888
865 958
866 352
866 424
866 481
866 558
866 594
866 634
866 7
866 742
866 775
866 946
866 981
867 155
867 2
867 481
867 736
867 890
867 891
867 970
868 200
868 354
868 635
869 149
869 191
869 334
869 376
869 449
869 484
869 491
869 528
869 764
869 819
869 831
87 113
87 461
87 541
87 611
87 824
870 104
870 172
870 252
870 772
870 807
870 921
870 980
871 18
871 227
871 318
871 355
871 368
871 484
871 555
871 580
871 662
871 719
871 755
871 756
871 908
871 963
872 168
872 223
872 375
872 448
872 530
872 583
872 588
872 592
872 644
872 663
872 711
872 815
872 869
872 920
872 942
872 956
873 36
873 404
873 500
873 533
873 789
873 799
873 852
873 956
873 962
874 114
874 138
874 146
874 225
874 288
874 338
874 532
874 541
874 604
874 665
874 765
874 839
875 216
875 237
875 312
875 350
875 366
875 528
875 607
875 635
875 677
875 721
875 826
875 881
875 915
875 953
876 229
876 244
876 456
876 482
876 501
876 538
876 748
876 777
876 90
876 91
876 953
876 970
877 217
877 403
877 472
877 563
877 82
877 925
878 174
878 229
878 357
878 894
878 974
879 108
879 206
879 213
879 320
879 361
879 430
879 498
879 639
879 724
879 831
879 86
879 869
88 431
88 493
88 551
88 561
880 180
880 420
880 636
880 642
880 702
880 71
881 12
881 363
881 37
881 40
881 405
881 536
881 623
881 649
881 861
881 901
882 146
882 199
882 363
882 489
882 572
882 621
882 883
882 926
882 966
883 253
883 618
883 638
883 667
883 692
883 701
883 756
883 783
883 839
883 872
883 930
883 946
884 183
884 525
884 628
884 670
884 840
885 192
885 210
885 454
885 875
886 248
886 334
886 338
886 415
886 551
886 578
886 70
886 787
886 851
886 878
886 884
886 969
887 187
887 254
887 428
887 486
887 629
887 711
887 866
887 886
887 905
887 933
888 159
888 353
888 362
888 402
888 418
888 429
888 528
888 53
888 591
888 600
888 733
888 780
888 917
888 940
889 111
889 150
889 314
889 350
889 433
889 524
889 74
889 829
889 964
89 332
89 365
89 396
89 423
89 837
890 115
890 161
890 355
890 698
890 781
890 802
890 818
890 821
890 848
891 194
891 222
891 258
891 374
891 429
891 522
891 605
891 609
891 681
891 828
892 320
892 328
892 388
892 410
892 578
892 606
892 737
892 740
892 745
892 777
892 83
892 893
893 340
893 469
893 683
893 746
893 828
893 899
893 904
894 179
894 312
894 407
894 512
894 532
894 640
894 644
894 75
894 756
894 845
894 895
895 226
895 237
895 291
895 450
895 459
895 522
895 53
895 587
895 805
896 240
896 299
896 330
896 333
896 353
896 770
896 8
896 801
896 88
897 133
897 156
897 215
897 258
897 313
897 338
897 375
897 38
897 389
897 467
897 477
897 522
897 556
897 596
897 622
897 625
897 786
897 826
897 832
897 9
897 952
897 991
898 406
898 425
898 652
898 681
898 711
898 822
898 849
898 964
898 982
899 132
899 171
899 217
899 226
899 301
899 363
899 405
899 546
899 638
899 761
899 835
899 917
899 944
9 135
9 173
9 235
9 336
9 480
9 526
9 538
9 608
9 857
9 87
9 903
9 950
90 220
90 226
90 271
90 325
90 444
90 604
90 612
90 786
90 830
900 248
900 286
900 306
900 337
900 361
900 450
900 596
900 636
900 751
900 827
900 87
901 111
901 215
901 292
901 587
901 712
901 742
902 107
902 159
902 177
902 368
902 624
903 1
903 102
903 168
903 205
903 233
903 431
903 656
903 774
903 797
903 95
904 110
904 277
904 45
904 610
904 654
904 791
904 800
904 932
904 982
905 115
905 215
905 286
905 323
905 345
905 377
905 559
905 609
905 656
905 737
905 878
905 976
906 138
906 261
906 51
906 80
906 810
906 831
906 914
907 151
907 22
907 393
907 401
907 494
907 552
907 580
907 671
907 694
907 722
907 862
907 881
907 897
907 981
908 272
908 293
908 477
908 499
908 673
908 69
908 77
908 818
908 87
909 129
909 16
909 255
909 296
909 364
909 412
909 577
909 838
91 110
91 112
91 241
91 280
91 356
91 410
91 571
91 782
910 190
910 283
910 331
910 418
910 811
910 819
910 860
911 104
911 488
911 518
911 582
911 615
911 629
911 865
911 892
911 926
912 152
912 169
912 199
912 257
912 402
912 776
912 814
913 204
913 358
913 36
913 424
913 540
913 588
913 616
913 688
913 751
913 791
913 868
914 231
914 367
914 402
914 684
914 687
914 759
914 793
914 80
915 168
915 333
915 373
915 405
915 44
915 465
915 560
915 62
915 670
915 730
916 106
916 2
916 308
916 403
916 423
916 427
916 6
916 631
916 819
916 833
916 945
916 956
917 173
917 202
917 243
917 392
917 527
917 557
917 602
917 712
917 83
917 90
918 106
918 142
918 269
918 301
918 329
918 377
918 398
918 52
918 619
918 785
918 917
918 953
919 148
919 361
919 435
919 514
919 538
919 654
919 710
919 816
919 848
919 87
919 92
919 922
92 111
92 189
92 239
92 497
92 543
92 809
92 894
920 114
920 179
920 183
920 371
920 492
920 767
920 82
920 827
920 840
920 93
920 941
921 141
921 199
921 239
921 303
921 329
921 379
921 467
921 595
921 603
921 634
921 719
921 760
921 861
921 866
921 89
921 913
921 967
922 314
922 571
922 574
922 640
922 776
922 796
922 826
922 842
922 906
922 958
923 37
923 372
923 59
923 596
923 633
923 713
923 894
923 908
924 11
924 209
924 305
924 400
924 481
924 548
924 657
924 698
924 739
924 897
924 911
925 192
925 296
925 31
925 320
925 349
925 421
925 46
925 54
925 658
925 682
925 802
925 984
926 256
926 291
926 295
926 326
926 56
926 603
926 7
926 765
926 781
926 858
927 19
927 467
927 482
927 5
927 508
927 522
927 618
927 658
927 715
927 742
927 833
927 893
927 928
928 140
928 311
928 427
928 517
928 920
928 953
928 96
929 119
929 178
929 224
929 234
929 262
929 373
929 455
929 587
929 863
929 930
929 938
929 954
929 96
93 159
93 206
93 234
93 623
93 680
93 712
93 834
93 860
93 901
93 906
93 955
93 983
930 125
930 205
930 234
930 251
930 277
930 344
930 408
930 470
930 505
930 527
930 542
930 769
930 823
930 827
931 123
931 16
931 179
931 288
931 377
931 590
931 669
931 855
931 952
932 180
932 376
932 545
932 571
932 657
932 739
932 965
933 101
933 212
933 440
933 551
933 602
933 706
933 743
933 872
933 95
934 157
934 272
934 339
934 375
934 589
934 963
934 968
935 225
935 309
935 338
935 39
935 470
935 483
935 602
935 742
935 805
935 921
935 928
936 377
936 420
936 47
936 521
936 557
936 573
936 586
936 671
936 682
936 716
936 723
936 793
936 834
936 917
937 104
937 159
937 183
937 25
937 301
937 330
937 503
937 583
937 591
937 647
937 684
937 695
937 885
937 943
938 11
938 160
938 499
938 543
938 550
938 691
938 735
938 845
938 876
938 881
938 928
938 932
938 945
939 102
939 258
939 384
939 487
939 556
939 625
939 931
94 16
94 164
94 195
94 267
94 664
94 68
94 699
94 726
94 79
94 857
940 10
940 206
940 3
940 371
940 494
940 601
940 622
940 628
940 747
940 799
940 81
940 936
940 951
941 220
941 250
941 345
941 36
941 377
941 412
941 426
941 567
941 596
941 626
941 689
941 704
941 768
942 144
942 201
942 220
942 267
942 374
942 413
942 460
942 610
942 687
942 717
942 955
943 182
943 357
943 404
943 455
943 6
943 685
943 793
943 903
943 970
944 206
944 267
944 287
944 440
944 554
944 618
944 634
944 870
944 970
945 136
945 458
945 504
945 605
945 908
945 966
946 11
946 121
946 158
946 260
946 474
946 621
946 680
946 817
946 903
946 942
947 101
947 127
947 208
947 319
947 358
947 574
947 640
947 666
947 682
947 79
948 29
948 392
948 507
948 523
948 537
948 609
948 9
949 185
949 254
949 258
949 269
949 396
949 49
949 671
949 765
949 805
95 222
95 311
95 503
95 56
95 571
95 64
95 669
95 684
95 774
95 908
95 93
95 980
950 198
950 285
950 298
950 375
950 644
950 689
950 715
950 754
950 919
950 948
951 116
951 184
951 407
951 408
951 413
951 557
951 580
951 667
951 751
951 901
951 916
951 924
951 93
952 120
952 410
952 473
952 493
952 692
952 723
952 82
952 870
952 871
953 125
953 246
953 355
953 367
953 474
953 493
953 662
953 697
954 164
954 214
954 278
954 320
954 338
954 364
954 383
954 393
954 621
954 633
954 653
954 8
954 802
954 899
954 956
954 960
955 111
955 25
955 259
955 276
955 641
955 646
955 678
955 687
955 785
955 818
955 939
955 967
956 197
956 346
956 357
956 373
956 392
956 427
956 503
956 589
956 747
956 844
956 904
957 13
957 130
957 158
957 222
957 541
957 584
957 660
957 667
957 764
957 778
957 840
957 910
957 922
958 11
958 179
958 201
958 220
958 244
958 280
958 422
958 494
958 569
958 590
958 619
958 67
958 706
958 827
959 31
959 33
959 412
959 599
959 622
959 625
959 800
959 864
959 922
959 982
96 179
96 197
96 272
96 392
96 50
96 535
96 617
96 664
96 70
96 746
96 771
96 774
96 775
96 884
96 973
960 173
960 306
960 313
960 359
960 378
960 615
960 634
960 664
960 675
960 689
960 760
960 762
960 89
960 908
960 926
961 275
961 368
961 405
961 579
961 610
961 67
961 848
961 900
961 913
962 579
962 7
962 797
962 934
963 104
963 121
963 177
963 199
963 209
963 210
963 222
963 237
963 251
963 265
963 293
963 295
963 393
963 412
963 449
963 531
963 656
963 661
963 690
963 884
963 900
963 949
964 524
964 590
964 685
964 79
964 855
964 893
965 402
965 568
965 576
965 634
965 699
965 75
965 856
965 868
966 113
966 395
966 516
966 806
966 847
966 849
966 851
966 871
966 961
967 110
967 486
967 487
967 563
967 611
967 808
967 920
968 110
968 169
968 266
968 421
968 470
968 490
968 533
968 610
969 225
969 737
969 797
969 81
969 982
969 989
97 122
97 164
97 173
97 188
97 190
97 202
97 447
97 471
97 495
97 513
97 545
97 710
970 223
970 242
970 293
970 560
970 76
970 818
970 954
971 114
971 16
971 283
971 294
971 379
971 604
971 629
971 762
971 800
971 801
971 808
971 813
972 159
972 73
972 759
972 809
972 813
972 909
972 981
973 29
973 4
973 407
973 575
973 693
973 810
973 985
973 987
974 28
974 300
974 479
974 481
974 501
974 521
974 635
974 676
974 699
974 840
975 184
975 207
975 449
975 471
975 808
975 87
976 136
976 18
976 228
976 321
976 434
976 494
976 509
976 535
976 626
976 645
976 72
976 730
977 143
977 162
977 173
977 246
977 3
977 449
978 17
978 312
978 318
978 440
978 487
978 625
978 674
978 699
978 748
979 224
979 456
979 695
979 699
979 709
979 840
979 961
979 990
98 136
98 149
98 169
98 171
98 209
98 233
98 323
98 325
98 479
98 516
98 61
98 611
98 712
98 836
98 882
980 212
980 233
980 414
980 436
980 52
980 557
980 583
980 60
980 63
980 724
980 799
980 827
981 11
981 144
981 262
981 290
981 420
981 463
981 505
981 550
981 568
981 597
981 627
981 759
982 171
982 30
982 314
982 419
982 466
982 519
982 773
983 176
983 329
983 355
983 644
983 661
983 754
983 781
983 794
983 853
983 976
983 983
984 133
984 170
984 175
984 178
984 21
984 229
984 299
984 392
984 418
984 436
984 471
984 566
984 732
984 745
984 801
984 876
984 94
985 136
985 193
985 209
985 288
985 363
985 599
985 665
985 78
986 27
986 42
986 47
986 813
986 841
986 844
986 874
987 183
987 25
987 30
987 752
987 753
987 795
987 962
987 989
988 256
988 301
988 382
988 430
988 461
988 545
988 633
988 820
988 949
988 967
989 133
989 193
989 211
989 232
989 288
989 304
989 356
989 479
989 521
989 637
989 67
989 674
989 720
989 793
989 815
989 903
99 11
99 114
99 118
99 160
99 220
99 317
99 470
99 76
99 804
99 817
99 887
990 114
990 292
990 350
990 573
990 603
990 613
990 682
990 955
990 977
991 342
991 350
991 404
991 466
991 595
991 701
992 134
992 265
992 488
992 629
992 685
992 810
992 836
993 198
993 207
993 415
993 547
993 861
993 871
993 899
994 171
994 233
994 240
994 292
994 360
994 421
994 834
994 978
995 102
995 201
995 317
995 386
995 410
995 455
995 773
995 933
995 990
996 151
996 212
996 238
996 432
996 445
996 634
996 642
996 654
996 711
996 852
996 907
996 991
997 177
997 188
997 368
997 508
997 730
997 77
997 872
997 899
998 314
998 346
998 479
998 542
998 595
998 60
998 850
999 179
999 360
999 554
999 571
999 598
999 684
999 848
